"V1" "V2"
-30.2564102564103 -28.4658083839889
-30.2564102564103 -29.2943628916671
-30.2564102564103 -28.6881413672996
-30.2564102564103 -27.6354838294003
-30.2564102564103 -29.995601294314
-30.2564102564103 -31.2785632259296
-30.2564102564103 -30.5851573506128
-30.2564102564103 -33.2606252762959
-30.2564102564103 -28.6882888759254
-30.2564102564103 -32.1232702823149
-30.2564102564103 -29.6906005919614
-30.2564102564103 -30.4569270502522
-30.2564102564103 -29.5762207902287
-30.2564102564103 -31.5141707120628
-30.2564102564103 -29.0316314984694
-30.2564102564103 -30.606903812202
-30.2564102564103 -30.1042552757862
-30.2564102564103 -29.7821266308349
-30.2564102564103 -31.1626150493779
-30.2564102564103 -29.7553503899726
-30.2564102564103 -30.2059004726961
-30.2564102564103 -31.6462584930407
-30.2564102564103 -29.6433017175336
-30.2564102564103 -28.4456211257165
-30.2564102564103 -31.9524771851933
-30.2564102564103 -33.2677338500718
-30.2564102564103 -32.8733492787356
-30.2564102564103 -30.170002118631
-30.2564102564103 -33.2092343480892
-30.2564102564103 -28.8040690562402
-30.2564102564103 -29.3028196196406
-30.2564102564103 -32.166399851829
-30.2564102564103 -29.9225332758831
-30.2564102564103 -30.798665958656
-30.2564102564103 -27.4069798862676
-30.2564102564103 -28.9699164101833
-30.2564102564103 -30.8661427369811
-30.2564102564103 -30.9838050286525
-30.2564102564103 -32.5807724944821
-30.2564102564103 -31.8307250512501
-30.2564102564103 -29.5084366633252
-30.2564102564103 -27.5854545601977
-30.2564102564103 -30.0079482442697
-30.2564102564103 -29.4102264546874
-30.2564102564103 -29.0642969256744
-30.2564102564103 -31.7971846799519
-30.2564102564103 -32.0056464359924
-30.2564102564103 -30.7192565876463
-30.2564102564103 -31.2490461035434
-30.2564102564103 -29.6850466946192
-30.2564102564103 -30.1639499856021
-30.2564102564103 -28.3548230386906
-30.2564102564103 -28.1876672248731
-30.2564102564103 -32.9475594349262
-30.2564102564103 -26.0530552968624
-30.2564102564103 -28.4855347662983
-30.2564102564103 -29.047713633691
-30.2564102564103 -28.435759564255
-30.2564102564103 -29.3602430993231
-30.2564102564103 -30.8936050000788
-30.2564102564103 -27.7109417518436
-30.2564102564103 -28.8040676952004
-30.2564102564103 -31.633698604093
-30.2564102564103 -30.4806761938645
-30.2564102564103 -27.9281503023397
-30.2564102564103 -29.4914273945182
-30.2564102564103 -29.5613428712079
-30.2564102564103 -29.906379635115
-30.2564102564103 -26.616479019539
-30.2564102564103 -27.4093176202131
-30.2564102564103 -29.5763649399904
-30.2564102564103 -30.7308586280185
-30.2564102564103 -32.155067357628
-30.2564102564103 -29.6716746032918
-30.2564102564103 -27.9088568671586
-30.2564102564103 -32.6987938488818
-30.2564102564103 -29.0337537764256
-30.2564102564103 -29.7795543236567
-30.2564102564103 -29.1267176794694
-30.2564102564103 -27.5298284563851
-30.2564102564103 -29.9848675294272
-30.2564102564103 -28.6887740391557
-30.2564102564103 -27.1932826328674
-30.2564102564103 -27.5046342914261
-30.2564102564103 -27.8458297461677
-30.2564102564103 -31.1170394978014
-30.2564102564103 -29.1168497286598
-30.2564102564103 -25.4242914795438
-30.2564102564103 -30.3535577922975
-30.2564102564103 -30.6990438829074
-30.2564102564103 -29.7233165204523
-30.2564102564103 -29.3332579402084
-30.2564102564103 -30.993979021097
-30.2564102564103 -29.088853749049
-30.2564102564103 -28.0352855147139
-30.2564102564103 -27.4395234405732
-30.2564102564103 -33.1712406998496
-30.2564102564103 -30.2505702171082
-30.2564102564103 -28.8470440067963
-30.2564102564103 -28.0977886335293
-30.2564102564103 -28.9854355778273
-30.2564102564103 -29.2569481515524
-30.2564102564103 -29.0539256520962
-30.2564102564103 -28.570115055799
-30.2564102564103 -30.8633687341395
-30.2564102564103 -27.0420854485535
-30.2564102564103 -30.7945451498807
-30.2564102564103 -27.2703785659064
-30.2564102564103 -27.6052619943109
-30.2564102564103 -30.4262276142695
-30.2564102564103 -30.4687615557033
-30.2564102564103 -27.9873415222625
-30.2564102564103 -31.2632522960635
-30.2564102564103 -30.1495000405987
-30.2564102564103 -29.5361170404316
-30.2564102564103 -30.1525745786729
-30.2564102564103 -28.8802610366502
19.7435897435897 24.2990940936204
19.7435897435897 23.5783466906583
19.7435897435897 21.8465179965641
19.7435897435897 19.1058271558729
19.7435897435897 17.4822036585804
19.7435897435897 20.7635822004029
19.7435897435897 16.7330075579214
19.7435897435897 17.3653699414669
19.7435897435897 15.1430031022321
19.7435897435897 15.8657243893135
19.7435897435897 14.3866200406686
19.7435897435897 18.1306676420889
19.7435897435897 16.4240350923361
19.7435897435897 17.8983366148894
19.7435897435897 17.7523207725187
19.7435897435897 16.7836368737433
19.7435897435897 16.4246010548709
19.7435897435897 20.5350063686608
19.7435897435897 19.9182367771802
19.7435897435897 17.6445985519059
19.7435897435897 19.6573127586337
19.7435897435897 18.0463965307104
19.7435897435897 19.8612167061647
19.7435897435897 18.2276456492616
19.7435897435897 17.4653435454726
19.7435897435897 19.8144664555861
19.7435897435897 17.0963458747469
19.7435897435897 17.9655077821753
19.7435897435897 19.4989315615103
19.7435897435897 21.9323859119939
19.7435897435897 18.0866040021882
19.7435897435897 20.8644912068441
19.7435897435897 18.5903082368344
19.7435897435897 20.5896147183695
19.7435897435897 20.3794992688529
19.7435897435897 18.243964976812
19.7435897435897 18.3072041047705
19.7435897435897 18.7442096726946
19.7435897435897 20.8272556744346
19.7435897435897 21.0238791661711
19.7435897435897 18.3708860330291
19.7435897435897 19.6408269246287
19.7435897435897 17.7809746188163
19.7435897435897 19.7480102413023
19.7435897435897 19.283546050495
19.7435897435897 18.0836152239794
19.7435897435897 17.2001695350019
19.7435897435897 18.3970486379674
19.7435897435897 17.3066591143572
19.7435897435897 15.4929020206162
19.7435897435897 17.7109713121306
19.7435897435897 19.0123719216695
19.7435897435897 16.2370765315435
19.7435897435897 19.472798288744
19.7435897435897 20.0462175815669
19.7435897435897 18.9097690854693
19.7435897435897 18.5503789405054
19.7435897435897 20.3857149455548
19.7435897435897 14.7922702675184
19.7435897435897 17.612223568694
19.7435897435897 18.4612505692781
19.7435897435897 18.2433331525712
19.7435897435897 17.0833382439191
19.7435897435897 21.4469574285461
19.7435897435897 18.4134447523202
19.7435897435897 20.7589587087911
19.7435897435897 21.0933278852041
19.7435897435897 19.9807973240117
19.7435897435897 20.7481529404739
19.7435897435897 20.2188515069343
19.7435897435897 20.0290942695044
19.7435897435897 18.9238955236109
19.7435897435897 19.5624980380993
19.7435897435897 20.5397866139666
19.7435897435897 18.7582507607126
19.7435897435897 19.9241274162931
19.7435897435897 19.6841691112343
19.7435897435897 18.9482289868882
19.7435897435897 19.5363864849975
19.7435897435897 16.2226189140992
19.7435897435897 18.812543685715
19.7435897435897 18.057866569692
19.7435897435897 20.8641319803312
19.7435897435897 21.0764067884336
19.7435897435897 21.932499071971
19.7435897435897 17.0973705116455
19.7435897435897 19.0158792547843
19.7435897435897 20.1252842412075
19.7435897435897 19.673512416003
19.7435897435897 18.6313638790971
19.7435897435897 20.700078080195
19.7435897435897 16.2705824307303
19.7435897435897 19.2483684280103
19.7435897435897 19.6889463334881
19.7435897435897 20.2994435837036
19.7435897435897 20.484261061586
19.7435897435897 20.2455872177053
19.7435897435897 20.912585169626
19.7435897435897 21.9035541264237
19.7435897435897 20.5221016532104
19.7435897435897 22.0316996561846
19.7435897435897 22.5320237148537
19.7435897435897 21.0974833232632
19.7435897435897 17.8960098606162
19.7435897435897 21.5788821688392
19.7435897435897 18.0582434077094
19.7435897435897 21.8631978898118
19.7435897435897 18.158894809848
19.7435897435897 18.1522579383148
19.7435897435897 19.7128209193502
19.7435897435897 21.8136548502434
19.7435897435897 17.2578425983047
19.7435897435897 19.6740572895111
19.7435897435897 19.8893564163071
19.7435897435897 15.9155052926882
19.7435897435897 19.0480944423248
19.7435897435897 21.9195470012491
19.7435897435897 18.6274506322949
-30.2564102564103 -26.6195883130692
-30.2564102564103 -29.835146662703
-30.2564102564103 -34.181136792932
-30.2564102564103 -29.9676432181919
-30.2564102564103 -32.9647088187169
-30.2564102564103 -33.9958877003931
-30.2564102564103 -31.3925495895098
-30.2564102564103 -28.1689535936272
-30.2564102564103 -30.3431042600057
-30.2564102564103 -28.6059480497916
-30.2564102564103 -31.2552836192242
-30.2564102564103 -28.7103721218683
-30.2564102564103 -31.1312608825951
-30.2564102564103 -31.3006196609958
-30.2564102564103 -29.2468970430365
-30.2564102564103 -28.7886285074157
-30.2564102564103 -28.3480444517827
-30.2564102564103 -31.2845918461703
-30.2564102564103 -35.8856299406651
-30.2564102564103 -30.427974655224
-30.2564102564103 -29.5093673847263
-30.2564102564103 -29.1680334770239
-30.2564102564103 -30.441861366229
-30.2564102564103 -29.8809275817954
-30.2564102564103 -30.4904452080217
-30.2564102564103 -30.4803650936061
-30.2564102564103 -29.7127885407492
-30.2564102564103 -31.5083052669624
-30.2564102564103 -28.918615119045
-30.2564102564103 -30.2998918589594
-30.2564102564103 -29.5521398409664
-30.2564102564103 -30.7235319523024
-30.2564102564103 -30.2529994136075
-30.2564102564103 -27.3702265041514
-30.2564102564103 -32.6184334833007
-30.2564102564103 -28.9111066541458
-30.2564102564103 -31.2592941866478
-30.2564102564103 -32.1132892192412
-30.2564102564103 -30.8470051708209
-30.2564102564103 -30.3196749641446
-30.2564102564103 -30.1569665943705
-30.2564102564103 -28.5901413080695
-30.2564102564103 -31.1836437205147
-30.2564102564103 -31.9417852331913
-30.2564102564103 -30.7396251103781
-30.2564102564103 -31.134159318825
-30.2564102564103 -28.1713410359706
-30.2564102564103 -28.4059825771708
-30.2564102564103 -29.6769885982802
-30.2564102564103 -29.8669347754442
-30.2564102564103 -27.1338901427916
-30.2564102564103 -25.99352871745
-30.2564102564103 -27.5233554942389
-30.2564102564103 -27.8986504645143
-30.2564102564103 -26.2698136228025
-30.2564102564103 -28.6344847085944
-30.2564102564103 -28.3897574029019
-30.2564102564103 -28.0629417678572
-30.2564102564103 -32.0987129229184
-30.2564102564103 -29.1506744373124
-30.2564102564103 -26.6989285808165
-30.2564102564103 -28.0293876311295
-30.2564102564103 -28.9137263956459
-30.2564102564103 -28.0437571992602
-30.2564102564103 -29.1345375161291
-30.2564102564103 -29.6727615682678
-30.2564102564103 -28.9445285342041
-30.2564102564103 -30.4733202671881
-30.2564102564103 -29.4967861919271
-30.2564102564103 -28.4431654056554
-30.2564102564103 -29.6505571160301
-30.2564102564103 -27.1625572467322
-30.2564102564103 -31.3530805977806
-30.2564102564103 -30.8034972833721
-30.2564102564103 -27.3311709901964
-30.2564102564103 -28.7789452800059
-30.2564102564103 -29.5209819325349
-30.2564102564103 -27.5890123593438
-30.2564102564103 -28.9986333608198
-30.2564102564103 -27.9148723474686
-30.2564102564103 -28.6432574826482
-30.2564102564103 -28.3448883435288
-30.2564102564103 -28.7583870669421
-30.2564102564103 -28.0651718090664
-30.2564102564103 -29.4424257622565
-30.2564102564103 -28.7426199634716
-30.2564102564103 -27.5462019286813
-30.2564102564103 -29.1099154403157
-30.2564102564103 -29.5800474394985
-30.2564102564103 -27.6239204771781
-30.2564102564103 -27.1996115180131
-30.2564102564103 -28.2784003837137
-30.2564102564103 -26.4636958006915
-30.2564102564103 -26.929133331515
-30.2564102564103 -29.6825914810128
-30.2564102564103 -29.2799632566729
-30.2564102564103 -28.8045675187539
-30.2564102564103 -30.6148788582338
-30.2564102564103 -33.3707524002724
-30.2564102564103 -26.6336684449603
-30.2564102564103 -29.6981056216671
-30.2564102564103 -29.4983442167959
-30.2564102564103 -28.2576482416269
-30.2564102564103 -31.0926731743235
-30.2564102564103 -33.3930949358952
-30.2564102564103 -30.5157895943575
-30.2564102564103 -29.878830817218
-30.2564102564103 -27.8970359590449
-30.2564102564103 -30.6952300686904
-30.2564102564103 -30.1119802431168
-30.2564102564103 -25.3727853490468
-30.2564102564103 -23.8885069881426
-30.2564102564103 -27.0553683910942
-30.2564102564103 -32.9507676947742
69.7435897435898 73.6680142459205
69.7435897435898 68.7940674470353
69.7435897435898 69.1281904980685
69.7435897435898 68.8252825360302
69.7435897435898 65.8797650207393
69.7435897435898 69.7652652995121
69.7435897435898 69.5572639530238
69.7435897435898 68.2761736060885
69.7435897435898 69.4292697251393
69.7435897435898 70.0145443483414
69.7435897435898 67.656278239658
69.7435897435898 68.7707957394846
69.7435897435898 70.7227944795362
69.7435897435898 69.3301436216529
69.7435897435898 71.149671243995
69.7435897435898 69.4373694553774
69.7435897435898 70.2225459692782
69.7435897435898 66.7259913650951
69.7435897435898 69.2840710098366
69.7435897435898 68.3504455667438
69.7435897435898 71.5805053105762
69.7435897435898 69.7568335226796
69.7435897435898 68.334376072393
69.7435897435898 71.1459443516174
69.7435897435898 68.9642541857986
69.7435897435898 68.3331726566532
69.7435897435898 71.5890639736889
69.7435897435898 67.6790258560709
69.7435897435898 69.3519965730243
69.7435897435898 68.8332943629385
69.7435897435898 70.1895218555878
69.7435897435898 70.3390247734938
69.7435897435898 70.3744380537224
69.7435897435898 72.8189945851795
69.7435897435898 68.5404783099764
69.7435897435898 67.9921243207759
69.7435897435898 69.056403651281
69.7435897435898 67.3001498726046
69.7435897435898 69.7562287715643
69.7435897435898 69.8438471870314
69.7435897435898 68.1506177234138
69.7435897435898 69.8410774913454
69.7435897435898 72.814029211703
69.7435897435898 68.270839511017
69.7435897435898 72.0867858976655
69.7435897435898 69.7234784566392
69.7435897435898 69.281948140093
69.7435897435898 70.5494077166005
69.7435897435898 69.3590490336215
69.7435897435898 67.4373223454889
69.7435897435898 69.3230481629926
69.7435897435898 69.0990014551564
69.7435897435898 68.6809297529489
69.7435897435898 70.4616332963253
69.7435897435898 71.6675058578253
69.7435897435898 70.7430914735027
69.7435897435898 67.7221803348814
69.7435897435898 67.785403403445
69.7435897435898 67.293200776095
69.7435897435898 67.8626117961383
69.7435897435898 67.1113619261616
69.7435897435898 70.5236896281783
69.7435897435898 67.1818503909518
69.7435897435898 64.616759851028
69.7435897435898 68.1337904425799
69.7435897435898 70.4514560526789
69.7435897435898 69.6827924965835
69.7435897435898 71.7604139880901
69.7435897435898 69.5533705731181
69.7435897435898 68.0856952199851
69.7435897435898 68.7376903963014
69.7435897435898 72.1278482003878
69.7435897435898 69.8855954663972
69.7435897435898 72.9976757961697
69.7435897435898 71.9170044710632
69.7435897435898 72.0520732574252
69.7435897435898 71.2850546977111
69.7435897435898 71.7506248891918
69.7435897435898 70.7544338158115
69.7435897435898 70.8937249462884
69.7435897435898 71.0176073369225
69.7435897435898 68.5290504827674
69.7435897435898 72.1506749638949
69.7435897435898 70.030842607651
69.7435897435898 69.8918875751224
69.7435897435898 72.8570087422029
69.7435897435898 70.306879219757
69.7435897435898 67.143746534288
69.7435897435898 68.8002502946994
69.7435897435898 69.1150588055496
69.7435897435898 71.3765910378753
69.7435897435898 68.8640375802327
69.7435897435898 73.1585411879366
69.7435897435898 68.9573506342984
69.7435897435898 71.6252948482273
69.7435897435898 69.5127536470401
69.7435897435898 71.1853602907826
69.7435897435898 68.4665325932141
69.7435897435898 71.3145843508488
69.7435897435898 72.4187750918971
69.7435897435898 70.8182553715738
69.7435897435898 69.1054118153526
69.7435897435898 68.0889406242889
69.7435897435898 68.9653582321288
69.7435897435898 71.036350026567
69.7435897435898 71.8210973100509
69.7435897435898 71.5606216048042
69.7435897435898 69.7606549198795
69.7435897435898 71.2644656523012
69.7435897435898 70.4119507516683
69.7435897435898 73.4630952820567
69.7435897435898 70.9670099223892
69.7435897435898 70.2893450599393
69.7435897435898 72.4344512066581
69.7435897435898 71.1168416294832
69.7435897435898 71.4998572945056
69.7435897435898 69.2590293176352
69.7435897435898 73.0594024196111
-30.2564102564103 -28.2978117287964
-30.2564102564103 -32.9541166597733
-30.2564102564103 -33.5157479948123
-30.2564102564103 -36.1414603229451
-30.2564102564103 -33.0005098566406
-30.2564102564103 -35.6279108744121
-30.2564102564103 -34.8243066395177
-30.2564102564103 -32.9538585884713
-30.2564102564103 -33.7373680478273
-30.2564102564103 -33.2646828932428
-30.2564102564103 -32.1370537137254
-30.2564102564103 -33.1858501937867
-30.2564102564103 -31.3461050006029
-30.2564102564103 -33.1365710293936
-30.2564102564103 -31.6272227508738
-30.2564102564103 -32.1677060752797
-30.2564102564103 -31.198500086292
-30.2564102564103 -31.9870456746195
-30.2564102564103 -32.4928870211786
-30.2564102564103 -31.7074249757194
-30.2564102564103 -32.2891883578496
-30.2564102564103 -31.1098141146528
-30.2564102564103 -32.9745270998022
-30.2564102564103 -31.1777491006693
-30.2564102564103 -34.3231058152335
-30.2564102564103 -31.0367305071512
-30.2564102564103 -32.3786460698755
-30.2564102564103 -31.7338694303721
-30.2564102564103 -29.5230472535054
-30.2564102564103 -32.4763908653186
-30.2564102564103 -31.9018397081365
-30.2564102564103 -30.2215266725586
-30.2564102564103 -32.5901098701546
-30.2564102564103 -28.455347288941
-30.2564102564103 -31.2901563149038
-30.2564102564103 -30.1023402956016
-30.2564102564103 -28.9595892861632
-30.2564102564103 -28.3822986116602
-30.2564102564103 -32.4099795586604
-30.2564102564103 -31.4434247074884
-30.2564102564103 -29.4176223497336
-30.2564102564103 -31.4978155268477
-30.2564102564103 -30.785651141642
-30.2564102564103 -31.7541326049259
-30.2564102564103 -30.2057214911006
-30.2564102564103 -31.6251840414643
-30.2564102564103 -31.5412704435431
-30.2564102564103 -30.7008537069847
-30.2564102564103 -31.3657626316838
-30.2564102564103 -30.6166464489881
-30.2564102564103 -31.3776524449437
-30.2564102564103 -28.7740837047124
-30.2564102564103 -25.8599720163277
-30.2564102564103 -28.5679602956067
-30.2564102564103 -28.9915230449464
-30.2564102564103 -31.5143627054519
-30.2564102564103 -31.8783936081334
-30.2564102564103 -30.2408277732065
-30.2564102564103 -31.8291687431838
-30.2564102564103 -30.4561236411035
-30.2564102564103 -29.9020113428418
-30.2564102564103 -31.148467400247
-30.2564102564103 -32.8104668478621
-30.2564102564103 -32.1524875041502
-30.2564102564103 -31.7355365986317
-30.2564102564103 -30.4815817002826
-30.2564102564103 -28.1254412263708
-30.2564102564103 -32.411655431448
-30.2564102564103 -30.0486759660875
-30.2564102564103 -29.8773723003364
-30.2564102564103 -29.1862979812238
-30.2564102564103 -31.0187940125572
-30.2564102564103 -28.515979648308
-30.2564102564103 -30.6811394830637
-30.2564102564103 -30.3269975577204
-30.2564102564103 -29.7433712143423
-30.2564102564103 -30.0784045960049
-30.2564102564103 -31.8172679535742
-30.2564102564103 -29.5570764770006
-30.2564102564103 -31.5116064250369
-30.2564102564103 -29.8852871359453
-30.2564102564103 -30.5454328253048
-30.2564102564103 -30.5592572401175
-30.2564102564103 -30.2488643524246
-30.2564102564103 -31.394455307318
-30.2564102564103 -30.4462278842156
-30.2564102564103 -31.5206259095899
-30.2564102564103 -29.319622289814
-30.2564102564103 -27.1226675816772
-30.2564102564103 -32.0820890193521
-30.2564102564103 -30.6034981750294
-30.2564102564103 -30.4249275979628
-30.2564102564103 -29.7469572751966
-30.2564102564103 -34.1676004400915
-30.2564102564103 -29.7263100271638
-30.2564102564103 -33.4135873434716
-30.2564102564103 -31.0504787040861
-30.2564102564103 -32.4664270019896
-30.2564102564103 -30.6706044982884
-30.2564102564103 -32.5259999597355
-30.2564102564103 -31.4343965466933
-30.2564102564103 -30.7566409491519
-30.2564102564103 -30.620526372877
-30.2564102564103 -28.5007064486451
-30.2564102564103 -28.9227892034146
-30.2564102564103 -30.5000470218702
-30.2564102564103 -30.0608508695159
-30.2564102564103 -29.9009814104013
-30.2564102564103 -30.6946588968183
-30.2564102564103 -28.5739846032162
-30.2564102564103 -29.8579282031692
-30.2564102564103 -31.8511215338762
-30.2564102564103 -29.4510538490295
-30.2564102564103 -31.956173429822
-30.2564102564103 -32.2105395222373
-30.2564102564103 -30.4810422461606
-30.2564102564103 -31.6839889607506
-30.2564102564103 -30.2752663956498
