-0.0001813337 0.0001092565 -0.001031409 2.192873e-05
0.0008488214 0.0008892773 -0.0004053052 1.1261e-05
-0.0001760343 0.000514783 0.0003821839 0.0001068631
-0.0004941918 -0.0008298716 0.0006214851 -0.0002287001
1.942827e-05 0.0001384798 0.0001619719 0.0001195869
6.768526e-05 0.0001599908 0.0002361854 2.181948e-05
0.0004044637 -0.0001690111 0.0005683456 0.0001384699
9.476444e-05 0.001128146 -0.0007980989 0.0001131482
-0.0008230941 -0.0006741444 0.0007764484 -0.0002262224
0.0008725911 0.001369848 -0.0001720758 0.0001329461
-0.0007210309 -0.0009047129 0.000770033 -0.000250277
0.0001966522 -1.13974e-05 8.307459e-05 6.65788e-05
-0.0008329417 -0.001041814 0.000484508 -0.0002125612
0.0001354344 -0.00113723 0.001404533 -0.0006578907
-0.0004345032 -0.001201593 0.0008273652 -0.0002784144
8.928193e-05 0.0009068946 3.048458e-05 -0.0001652935
0.0003867835 0.0002892901 -0.0003955848 0.0002142115
0.0005305179 0.0002926406 -0.0003281374 4.01555e-05
0.0003626101 0.000772149 0.0001471645 -9.125617e-05
0.0005210518 0.0002295665 -0.0003226874 -2.34224e-05
-0.0004130717 -0.0005410785 0.001356306 -2.257721e-05
-4.836068e-05 -0.0001647393 0.0004968018 -0.0001412551
0.0001803315 -0.0002795069 -0.0002269677 8.261167e-06
0.0003150612 1.948337e-05 0.0003985142 -9.588086e-05
-0.0003045909 -0.0002569243 2.865046e-05 0.0002692997
-0.0005616905 -0.000254146 0.0006788894 1.211388e-05
0.0001546166 0.0009011995 0.0001663672 0.0001242309
-0.0001546017 0.0002651806 -0.0004199304 0.0002152298
-0.0003623077 -0.002550152 0.0006890551 -0.0002039173
0.0006314582 0.00136469 -0.0009955575 0.000346685
-0.0003935856 8.349521e-05 9.857216e-05 0.0002192672
0.0004002628 -9.925708e-05 -0.0002045995 7.55706e-05
-0.0001182915 -0.0001197453 -0.0004196248 -9.046838e-05
-3.398478e-05 -7.833181e-05 0.0001590506 0.0003324602
-1.389898e-05 0.0005345028 -9.221717e-05 -0.0001184541
0.0002960405 0.001183033 -0.001007128 0.000200661
-0.0007869794 -0.001335065 0.0004431433 2.100475e-05
-0.0003523339 0.0003973707 0.0001665738 1.230192e-05
0.0002129572 0.0001984013 -0.0003323408 0.0002286268
0.0002012904 -0.0004255398 -0.0008153904 -0.0001279845
-7.198822e-05 -3.61054e-05 -7.300095e-05 3.112663e-05
3.422094e-05 -6.146662e-05 0.0003362695 7.852691e-06
0.0003074529 0.0002367159 -0.0005670335 -0.0001017932
0.0001265344 0.001260251 -0.0002697528 0.0002295085
-5.821985e-07 -0.00045726 0.0001753393 -0.0001160966
-0.0004371735 -0.0009787901 0.0008065544 0.0001015707
0.000600375 0.0009771364 -0.001086512 0.0002838026
-0.0009465572 -0.002208127 0.001170773 -0.0003325269
-0.0002015414 0.0006364502 -0.0005176785 9.260533e-05
-0.000794217 -0.001953462 0.0008474897 -0.0003985208
0.0003561439 0.0007773815 -0.0002048488 0.0001312601
-2.642762e-05 0.0006645394 5.158342e-06 -1.514422e-06
-0.0003796547 -0.0005040933 -1.622095e-05 -7.182513e-05
-1.250393e-05 0.000221541 3.270087e-05 5.561675e-05
-0.001937863 -0.002804555 0.001931073 -8.361353e-05
-0.0002805372 -0.0003082611 -0.0002476603 0.0002693968
0.000427939 0.0007440189 -7.957459e-05 0.0003063048
0.0005222167 0.0006902504 -0.000704593 -2.996392e-05
-9.786226e-05 -7.070708e-05 0.0001671626 -0.0001240815
-0.0007972748 -0.001206046 0.000867526 0.0001189658
0.0004247079 0.0005970254 -0.0007804373 4.648894e-05
-0.0005147192 -0.0004628327 0.000533762 2.585089e-05
0.0001416894 0.000557726 4.931723e-05 0.0001350003
0.0006377657 0.0004428896 -0.0007013967 0.0003703448
0.0003646763 -0.0001428199 -0.0001346861 -1.875766e-05
2.757238e-05 0.0006150271 -6.448948e-05 0.0001636862
3.793868e-05 -0.0002744509 6.550704e-05 -2.638515e-06
0.0005837132 0.0009172467 -0.001355637 0.000162759
-4.63609e-05 0.0004177656 -0.0006867513 7.103233e-05
0.0001085788 -5.376633e-05 0.0001941022 0.00010869
-0.0002001987 -0.0002569388 0.0003031654 0.0002011716
8.776887e-05 2.578061e-05 -0.0009905826 0.0001675311
-8.010123e-05 0.0003521171 -0.000270362 0.0003312027
-0.0005899233 -0.0003498268 0.0007606854 -5.524921e-06
-0.0003724697 -0.0002569081 -0.0005618795 -1.697702e-06
-7.626524e-05 0.0007792343 7.508604e-05 4.995387e-05
-4.207095e-05 -9.002859e-05 -6.441316e-05 0.0001284457
0.0007108239 0.000398059 -0.0005244089 0.000261084
2.607196e-05 0.0002613733 -6.620048e-05 -1.948664e-05
0.0004114716 0.001083335 -0.0005556027 0.0001937762
-0.0001988761 -0.0006260048 -0.0002636827 0.000231939
0.0001334189 0.0005781494 -0.000464798 0.0005260948
0.0002400005 -0.0001143314 -0.0002999005 0.000131132
-0.0004191749 1.675094e-05 -0.0006114696 0.0003203121
-0.0003318312 1.59507e-05 0.000172141 7.154252e-05
-0.0004910027 -0.0008293314 2.306694e-05 -8.468723e-05
0.0002924744 -0.0002316035 -0.0006685691 0.0001629711
-0.000289416 -0.0005187658 -0.0001571145 6.495438e-05
-0.0004178024 -0.001146833 0.0006294254 -0.0001413104
0.0005705582 0.0006707026 -0.0005826665 9.207999e-05
-0.0006302908 -0.001308427 0.0004862071 -0.0003265812
-0.001136169 -0.001183377 0.001046464 -0.0002033008
0.001120568 0.001957444 -0.001809758 0.0003662452
-0.0009679141 -0.001071617 0.0009314167 6.283729e-05
5.276893e-05 -2.768791e-05 -0.0002099968 0.0001764808
-0.0004554689 -0.0001028249 0.0003909554 0.0001731329
0.0001720252 -9.404441e-05 0.0005022035 -9.301355e-05
-0.0004424779 -0.0002559305 0.0002949448 4.906385e-05
-0.000641503 -0.0009422147 0.0007062422 -0.0001243191
-0.0007975623 -0.001111418 3.689995e-05 0.0001087336
-0.0004179337 -0.0006148053 0.0002973723 -0.0001250009
-0.000443433 -0.0006910581 0.0001112703 0.0002763559
-0.0004161155 -0.0005649767 0.0008461227 -0.0002644044
-0.0001189359 -0.0007057804 3.236035e-05 -3.268619e-06
-0.0006440819 -0.001728797 0.001172693 -0.0003219908
0.0005318566 0.0005822498 -0.001026035 0.0001695994
-0.0005309715 -0.0007921042 0.0003679528 -8.962235e-05
0.0002632061 7.159959e-05 0.0004090245 3.425953e-06
0.0005481141 0.001112578 -0.00109218 0.0001504309
0.0003463121 -0.0002824752 1.789563e-05 0.0001048481
-0.0005641806 -0.00133505 0.0009819423 -0.0001023329
-0.001223897 -0.001774255 0.0009974955 -0.0003033761
-0.0001209693 3.970771e-05 0.0006195642 -3.04973e-05
-0.0001632337 -0.000443445 0.0008546041 -5.733223e-05
-0.00085671 -0.001739344 0.001014506 -0.0001696152
-0.0004343933 -0.0007210076 0.001098968 -8.762154e-05
-6.671089e-05 -0.0008573364 0.0001873104 1.625937e-05
-3.827432e-05 -0.0009520859 0.0006836346 3.729173e-06
-0.0001460658 0.0004484357 -6.367785e-05 0.000166967
-0.0008763916 -0.0017805 0.001037537 -0.0001799547
0.0007702496 0.000346282 -0.0001209044 0.0001781301
-0.001350291 -0.002654698 0.001550548 -9.988613e-05
-0.0004655508 -0.001215202 0.001055182 1.68236e-05
0.0001864797 -0.0007534163 0.001287836 -5.538263e-05
0.0006807881 0.001287157 0.0001788555 0.0002871663
0.0004711438 0.0002835758 4.675068e-05 -0.0001464748
-0.0005901924 -0.001137728 0.001260633 -9.037728e-05
-0.0002828654 -0.0006487884 0.0007636055 -0.000126473
0.0002353242 0.0001605462 0.0005609405 -0.0002469232
-0.0002421461 -0.00116162 0.001753367 -0.0001374513
0.0002380814 -0.0001863744 -0.000309684 6.778237e-05
0.0007724717 0.0009769005 0.0005016291 0.0003086231
0.0004182133 3.099966e-05 0.00148724 0.0003208431
-0.0009165736 -0.001766144 0.001784243 -0.0001491016
0.0005438259 0.0006485066 0.00160364 -4.33661e-05
0.001253455 0.0009739305 0.0008941811 0.0001614347
-0.0002046162 -0.0003483758 0.003089009 -3.519969e-05
0.0001109683 -0.0009359024 0.002286142 -0.0002473067
-0.0005745129 0.006869673 0.000860768 0.0004648747
-0.00154785 0.00987384 0.000474332 0.0009527778
-0.002599949 0.008561171 0.00180356 0.00064825
-0.002322143 0.007717645 0.002585818 0.000866169
-0.003426465 0.008664517 0.002592859 0.0009428262
-0.003065645 0.008896455 0.002559968 0.001183246
-0.001303873 0.01085715 0.002929674 0.001210085
-0.001547054 0.01118032 0.002533188 0.001484016
-0.002436173 0.008611781 0.00361527 0.000981024
-0.001745384 0.01044774 0.003360085 0.0009512633
-0.002717233 0.01097301 0.004507291 0.001235659
-0.001950553 0.01010101 0.004286691 0.001176643
-0.001393181 0.009489961 0.004487752 0.0007465423
-0.002039887 0.01348798 0.00359715 0.001299779
-0.00194176 0.01252786 0.004150978 0.001241203
-0.001439699 0.01244978 0.00358071 0.001245574
-0.002636259 0.01102525 0.005183519 0.0009528286
-0.001937216 0.01214635 0.00410133 0.001528247
-0.003219471 0.01293224 0.003326851 0.001319339
-0.002314769 0.01130271 0.004228531 0.001141561
-4.173651e-05 0.01468256 0.002016905 0.001047484
-0.001841438 0.009386542 0.00497138 0.0009523859
-0.0008379467 0.01047201 0.003906144 0.000439338
-0.002123101 0.01302927 0.00267073 0.001365323
-0.001672248 0.01396906 0.002640131 0.001075655
-0.002442186 0.01546488 0.001475023 0.001474231
-0.001146266 0.01516837 0.001224033 0.001545832
-0.001656871 0.01252013 0.001617891 0.00107808
-5.88707e-07 0.0131189 -0.0001041652 0.001357649
0.0006509855 0.01282439 0.001510203 0.0007230155
-0.0004326072 0.01415411 0.001357795 0.001111356
0.0004424532 0.01815193 -0.000589169 0.001345359
0.002105043 0.01155336 0.0001075496 0.0003556928
0.001158041 0.01984578 -0.002311986 0.00155604
0.002339938 0.007981625 0.002023518 0.0001147099
-0.001505952 0.02157098 -0.002742719 0.002165424
0.003751821 0.009416352 -0.0001973506 0.0004068241
0.003093571 0.01902743 -0.002336456 0.001617229
0.003411743 0.006506093 0.0009775367 0.0006063251
0.005810728 0.01494068 -0.00125875 0.0002660557
0.005066713 0.006404868 0.00176251 -2.560375e-05
0.004584102 0.01813143 -0.002369184 0.0007847546
0.003572022 0.01308893 -0.002017166 0.001263447
0.007829775 0.01382988 -0.001040776 0.0002628323
0.005369697 0.01069366 -0.000232755 0.0007235048
0.006769985 0.01525347 -0.0008139606 0.000530952
0.007855715 0.014626 -0.000494088 0.000675172
0.00894432 0.01382837 0.001462591 0.0001863815
0.01187673 0.004543209 0.001424931 3.823185e-05
0.009502882 0.02076114 -0.002603827 0.0008987284
0.01165861 0.01288139 -0.0006638697 0.0009592601
0.00834303 0.02493444 -0.004545476 0.002413548
0.01093454 0.0127296 -0.0006362514 0.001026218
0.01256085 0.02368897 -0.004697233 0.002164764
0.01738765 0.004645555 0.002893173 -0.0005215759
0.01721201 0.01752647 -0.002942878 0.0007477485
0.01363239 0.01105256 0.0032459 0.0001508977
0.01537211 0.01603172 0.000407925 0.0002513835
0.01420422 0.01649647 0.001005669 0.00121254
0.01495046 0.02217434 6.305965e-06 0.001660795
0.0164474 0.01559757 0.001762147 0.0008753327
0.01464973 0.02700666 -0.00106214 0.00213279
0.02177278 0.009573985 0.00174614 -0.0003432785
0.01985948 0.01463516 0.004501606 6.382866e-05
0.02167673 0.008132422 0.003731846 0.0008357213
0.01393663 0.02621563 0.003625862 0.002095073
0.02047876 0.01396156 0.004772849 0.001117919
0.01767352 0.02147023 0.004601435 0.001832812
0.0200726 0.02404749 0.003501984 0.001251505
0.02108654 0.01841253 0.007885066 0.000927625
0.02178097 0.02359441 0.007528317 0.00159862
0.0251743 0.01909579 0.009024998 0.0006325016
0.02124414 0.0223583 0.01161674 0.001143965
0.0235775 0.02386765 0.01018703 0.001754827
0.02161069 0.02694672 0.0108315 0.002233189
0.02414662 0.02676722 0.01480639 0.002240035
0.02731854 0.01182876 0.02240171 0.0007681333
0.02966791 0.01438372 0.02094256 0.001075987
0.02343338 0.02096415 0.02253672 0.00166099
0.02832122 0.02081743 0.02427808 0.001148922
0.02737061 0.02834428 0.02269324 0.002619425
0.02234709 0.02540253 0.02626431 0.003827277
0.02778606 0.03429246 0.02761258 0.003839566
0.03116501 0.009525166 0.03833857 0.001697689
0.03323159 0.008584939 0.04366366 0.00136336
0.03034517 0.01567122 0.04453897 0.001719185
0.02835511 0.02701756 0.04245199 0.002738434
0.03153736 0.02353591 0.0451339 0.002506351
0.02950548 0.02265066 0.0451463 0.00372191
0.03362394 0.02703691 0.04723407 0.004055954
0.03556231 0.01131501 0.05413587 0.001207222
0.04149587 0.00424652 0.05873405 0.0002594127
0.04012084 0.01789552 0.052202 0.002571428
0.03315333 0.01761532 0.05838073 0.00309315
0.03501625 0.02360526 0.05704402 0.003689341
0.03088768 0.02513545 0.05745866 0.003624967
0.0381078 0.02787665 0.05626015 0.004597545
0.04004146 0.01269973 0.06455323 0.002542305
0.04277433 0.01622971 0.06613445 0.001777837
0.04447985 0.01568787 0.0673393 0.001284455
0.0505276 0.001212254 0.06877437 0.0005750387
0.04106585 0.02202728 0.06093891 0.003294106
0.04779812 0.01537423 0.06319861 0.001958699
0.04705298 0.02050037 0.06115697 0.00312466
0.04680889 0.01669299 0.06414584 0.002032631
0.0511281 0.01586253 0.06320427 0.002247164
0.05084637 0.0140133 0.06072358 0.001742002
0.05369039 0.009200231 0.06076559 0.001659996
0.04513142 0.03428922 0.05079404 0.005086279
0.04164175 0.02999166 0.04981044 0.00558488
0.05475503 0.02295681 0.05242054 0.002775431
0.05089799 0.02468405 0.05230944 0.00413597
0.06432485 0.00122762 0.06188332 -0.001290771
0.04833402 0.03957046 0.04347346 0.005875682
0.07034454 -0.01358131 0.06012122 -0.002970339
0.05211578 0.01617811 0.04657573 0.002478345
0.05531073 0.02127453 0.04095451 0.00307907
0.0508525 0.008362065 0.05068379 0.002091631
0.05775097 0.01259649 0.04250493 0.0003125616
0.04643212 0.01936122 0.03869102 0.004521435
0.05903401 0.01820514 0.04008733 -0.0002848248
0.04021253 0.01683648 0.04032024 0.003862226
0.05240659 0.02243564 0.0328255 0.00200532
0.05757269 0.01075392 0.03718033 0.001643821
0.0558029 0.01923522 0.03395337 0.003504712
0.05400988 -0.006281502 0.05020716 -0.001291439
0.04676514 0.02203987 0.03879861 0.002031941
0.0477833 0.008658222 0.04500489 0.000312806
0.04958094 0.02000782 0.03820292 0.001835048
0.04187258 0.01285884 0.04377706 0.001774222
0.05514351 -0.002075108 0.05106119 -0.002198317
0.0418242 0.01617609 0.05114545 0.001240327
0.05799122 -0.02008272 0.05569753 -0.001856764
0.0416532 0.02599025 0.04723472 0.001795929
0.04789893 0.008283253 0.05240709 0.0009590548
0.04055429 0.01329505 0.04972388 0.00213075
0.04569119 0.02093574 0.04920697 0.00280202
0.05780454 -0.001582292 0.05734487 -0.001534414
0.0408136 0.0146447 0.05578085 0.0008483232
0.05897122 -0.01984013 0.0636816 -0.002452114
0.03883343 0.01787926 0.05185204 0.00295974
0.04740098 0.0141414 0.05229053 0.0005280611
0.05242798 -0.02236808 0.06685461 -0.001762928
0.05275846 -0.005936095 0.06016121 -0.001862038
0.03953051 0.006799603 0.05322016 0.001116539
0.04661151 0.01285254 0.0562835 0.001323843
0.03737702 0.00256064 0.05530399 0.001669483
0.03960865 0.01966815 0.04676716 0.003524231
0.04646165 0.02440559 0.04516765 0.002928963
0.054579 -0.02443981 0.06215278 -0.003808346
0.06092304 0.000538082 0.04885972 -0.001890092
0.0492116 -0.006127298 0.04884292 -0.001762919
0.05255923 -0.007833107 0.0485454 -0.001010657
0.04724318 0.008592845 0.04434264 0.001807071
0.04541869 -0.001755021 0.04205295 0.0005832923
0.05525489 0.003001657 0.04262778 -0.001491346
0.05471198 -0.02411508 0.05064121 -0.002926758
0.05009704 0.006580858 0.03694927 0.0001363069
0.05880413 -2.919247e-05 0.03356593 -2.106848e-05
0.05295855 0.005099965 0.03208057 0.001209976
0.06010465 -0.009470714 0.04035329 -0.00218184
0.05630252 -0.007271471 0.03925212 -0.001761127
0.05540098 0.02098112 0.03160845 0.0009449929
0.06490295 -0.01336246 0.03526155 -0.001742008
0.05249819 -0.000612978 0.03284146 0.0007674049
0.06272354 -0.009781668 0.0397603 -0.002427689
0.06308417 -0.01346874 0.03713806 -0.001915925
0.06864849 -0.01234131 0.0385416 -0.003060468
0.06811801 -0.03914689 0.04490334 -0.004527537
0.05867917 0.003071019 0.03049035 0.0007302665
0.06589381 -0.01252217 0.03159559 -0.001302423
0.06572669 -0.009446657 0.03346998 -0.0006961044
0.07321587 -0.005924724 0.03233029 -0.002512422
0.07524708 -0.02347867 0.03796592 -0.00395406
0.07327783 -0.002341265 0.03343966 -0.001416791
0.07307911 -0.02151305 0.03623579 -0.001262322
0.06881331 0.003911377 0.02600413 0.00156804
0.0731936 -0.001865666 0.03105318 4.99067e-05
0.07610501 -0.02759575 0.03992229 -0.002830314
0.0774947 -0.0128269 0.03723389 -0.001148711
0.08254351 -0.02468387 0.03456327 -0.001261426
0.08491123 -0.009818375 0.02842188 -0.001001808
0.08687174 -0.02124034 0.04007874 -0.001865611
0.08444259 -0.02283617 0.04226962 -0.002239283
0.08257761 -0.02192278 0.04162141 -0.002111454
0.08276418 -0.02501854 0.04214988 -0.002441812
0.07512084 -0.0008004919 0.03163799 0.0006972564
0.07917501 -0.009800332 0.0337734 -6.560232e-05
0.08179188 -0.01864429 0.03738784 -0.001308307
0.08114205 -0.01740009 0.03906676 -0.002070235
0.09016064 -0.02829341 0.04076633 -0.00460698
0.08588725 -0.004411804 0.02859228 -0.001558904
0.08157584 -0.01855434 0.03060991 -0.002567324
0.08363839 -0.01947589 0.02584899 -0.001803082
0.07732042 -0.009609821 0.0226407 -0.0009284216
0.08071786 -0.01193324 0.02304564 -0.001798524
0.07407468 -0.005943445 0.0169218 9.205883e-05
0.07693745 -0.01050087 0.007797465 -0.0007737511
0.07515903 -0.00757005 0.004411809 -0.0002675379
0.0734003 -0.004204143 0.00298822 0.0002933855
0.07074849 -0.005545663 0.008352557 -0.0005322682
0.07160463 -0.01833438 0.007148836 -0.002108323
0.06809829 -0.003723873 0.002418694 -0.001574203
0.06624457 0.005850414 -0.006347226 -0.0002402178
0.06138644 0.009758247 -0.01157545 0.001555736
0.0649192 0.003481403 -0.0136394 -0.0002119268
0.06595767 -0.0006667279 -0.01576078 -0.001206821
0.06557068 0.01162527 -0.02084879 -1.039518e-05
0.06287829 0.002356357 -0.019011 -0.001840868
0.05735486 0.01066173 -0.01798398 -6.299618e-05
0.05840946 0.001781604 -0.01652445 -0.0009568816
0.04945179 0.000821372 -0.01721686 0.001166668
0.05386624 0.02021273 -0.02416554 0.001280105
0.05419099 -0.01069608 -0.01282463 -0.001325295
0.05454659 0.002503205 -0.0167384 -0.0006454665
0.0557683 -0.01450299 -0.01460669 -0.001511241
0.05308515 -0.0090695 -0.01166491 -0.00245422
0.05285506 -0.003244351 -0.01474541 -0.001690174
0.04821303 0.0002571921 -0.01430696 -0.0009913038
0.04535447 0.02004287 -0.0152559 0.0008655675
0.0396339 0.008655681 -0.01111058 0.00144326
0.03922775 0.01335381 -0.00900584 0.001892091
0.03859093 -0.01705346 0.004488298 -0.001523497
0.03737499 0.01316512 5.652782e-05 0.002602967
0.04782883 0.00075509 0.007028296 -0.0004821337
0.04789365 0.00262881 0.006531044 -0.0006384299
0.04802969 -0.006216589 0.01058751 0.0001677467
0.05365469 -0.03229517 0.01452154 -0.002114028
0.04481504 0.004051032 0.01148394 0.001877334
0.04583998 0.002272972 0.01654325 0.0006536685
0.04649477 -0.00595448 0.01978319 0.0002821569
0.04329341 -0.003238534 0.02141667 0.001218546
0.0442843 0.002202801 0.01792901 0.003112398
0.03404234 0.01646352 0.01845554 0.004256009
0.04011772 0.009573893 0.02147851 0.001646525
0.03344433 0.01602994 0.02162765 0.003910634
0.03823332 0.01409571 0.02528239 0.001494414
0.0429791 -0.005845703 0.03289078 0.001275403
0.0345617 -0.007609788 0.03967976 0.00175718
0.03769927 0.0005369657 0.03238115 0.003565715
0.0361358 -0.008407125 0.04097119 0.001922766
0.04192811 -0.01824296 0.04895582 -0.001459071
0.04969968 -0.03133755 0.05295879 -0.002587866
0.03636693 -0.005944783 0.04351748 0.000172105
0.04483987 -0.01240108 0.04193988 0.0005283634
0.03019903 0.0004356268 0.04727741 0.002481682
0.03552514 -0.006426829 0.05069945 0.0006547648
0.02479329 0.007246063 0.05203308 0.003500939
0.02205451 0.004596504 0.04921324 0.003371654
0.02317078 -0.004970942 0.05394352 0.004247869
0.01943363 -0.002928322 0.05421385 0.003454662
0.02555561 -0.008641391 0.05869285 0.002625779
0.021486 0.002113034 0.05625437 0.002827309
0.02816938 -0.0153799 0.05742781 0.00111355
0.02741182 -0.01377295 0.0525388 0.002940701
0.02711549 -0.01638701 0.05193824 0.001755314
0.03009747 -0.02595577 0.05801877 0.001843534
0.01832614 -0.006091796 0.0559201 0.001551195
0.01955596 -0.00812441 0.05558116 0.00174689
0.01591097 -0.007788131 0.05716247 0.002675985
0.01533326 0.008610877 0.04629443 0.004441526
0.01419203 -0.003248376 0.05214111 0.004396191
0.01554135 0.00161562 0.05008975 0.004199686
0.0239337 -0.01015814 0.05409545 0.001607677
0.0176662 -0.01136997 0.05964847 0.002191543
0.01459731 0.001603856 0.05247331 0.002416304
0.01451701 -0.005801478 0.0522589 0.003894722
0.01178127 -0.004308246 0.05060124 0.004778727
0.0137285 -0.01230489 0.05538391 0.002070509
0.01437045 -0.009976794 0.05462716 0.002706458
0.01519968 0.01078656 0.04471903 0.004206702
0.01519987 0.004611324 0.04457722 0.002975493
0.01548407 0.006721376 0.04283161 0.003989658
0.01685351 -0.003138146 0.04567687 0.001447023
0.01388101 -0.01156464 0.04532771 0.001920124
0.01807513 0.001952941 0.0431512 0.002927191
0.01240019 0.007277153 0.04348352 0.003527645
0.01193445 0.01191662 0.04134652 0.004490498
0.01220769 -0.001787148 0.04989371 0.002524084
0.006982719 0.009980749 0.04823766 0.005300474
0.005959677 0.004659729 0.03938618 0.005316127
0.007338332 0.001915147 0.04081449 0.005175225
0.004264929 0.008150311 0.03875154 0.006255836
0.006305713 -0.00227645 0.04021636 0.003667864
0.008220855 0.01687521 0.0355119 0.005378578
0.010202 0.0150206 0.03480004 0.005376536
0.01014872 0.01814881 0.03120514 0.005094275
0.01445997 0.00966013 0.03489581 0.004421624
0.01421531 0.004087398 0.03709413 0.003032318
0.009987483 0.002816692 0.03819157 0.003243719
0.006100045 0.01138615 0.03499791 0.005689449
0.00796211 0.003762812 0.03591481 0.004335417
0.007851698 -0.01294131 0.0443209 0.002179217
0.00264417 -0.002577881 0.03992187 0.004087901
0.006116771 -0.01828183 0.0436935 0.001596922
0.0026973 0.001020198 0.03429113 0.005269164
0.002460403 0.006511301 0.03185722 0.003999847
0.004235646 0.01077098 0.02981041 0.005418219
0.003767064 0.003318015 0.03378628 0.004270352
0.00634074 -0.001518537 0.03140032 0.004222393
0.0003985169 0.0115259 0.0287402 0.006204405
-0.0003854146 -0.003282206 0.03802865 0.003384065
0.0005452556 0.007344214 0.03406243 0.004910286
0.008461578 0.001328812 0.03368716 0.002730919
0.004965004 -0.008520116 0.03115117 0.002992609
0.002927706 0.004682879 0.03117138 0.003835031
0.01033189 0.002374075 0.02921582 0.004146799
0.00449917 -0.0005456929 0.02840664 0.005370582
0.006435141 0.002460159 0.02825524 0.00445331
0.007805402 -0.006394193 0.03091571 0.00443752
0.001472362 0.007417711 0.02541404 0.005456796
0.006127893 0.01864149 0.02580391 0.006000062
-0.0001397844 0.01523398 0.02838602 0.006893472
0.004866741 0.0003820005 0.03360458 0.003881235
0.007101966 -0.003703928 0.03907699 0.003650531
-0.001372861 0.004189267 0.0424265 0.005183884
0.004060371 -0.005432845 0.04348746 0.002896087
0.003826723 0.001883251 0.03938857 0.004849734
0.004034651 -0.0009673622 0.04442661 0.003940303
0.001241722 -0.009677451 0.04466007 0.004647399
0.00129729 0.009488657 0.03709806 0.006618736
-0.0006582199 0.01181935 0.03816234 0.007307667
-0.002663497 0.02618341 0.0377749 0.008465478
-0.006184553 0.02225945 0.04672127 0.007333443
-0.002081648 0.02542011 0.0445667 0.008163078
-0.0006084052 0.006874902 0.04931547 0.007606131
-0.002817769 0.009716666 0.0500522 0.007176334
-0.002090709 0.002772399 0.05582571 0.007977403
0.003653916 0.003805365 0.05470005 0.005638249
0.004072221 0.01656057 0.05545506 0.006018887
0.004621423 0.01429661 0.04852103 0.007826882
0.001726449 0.009218196 0.05431165 0.007041374
-0.001541277 0.01425512 0.05373242 0.009886791
-0.00066546 0.01173091 0.05476231 0.008217036
-0.005811202 0.02033079 0.05150559 0.00946841
-0.007373568 0.01814858 0.05251742 0.01041423
-0.008241667 0.02198483 0.05684212 0.01132418
-0.005070738 0.01644126 0.05949247 0.00959141
-0.009885862 0.00456758 0.06653148 0.008710193
-0.008214695 0.01752857 0.05769804 0.01078943
-0.00826477 0.01075473 0.06353905 0.009298187
-0.007818093 0.009139834 0.06363549 0.00857582
0.0004590114 0.009274989 0.05831169 0.00940968
-0.002490712 0.004658616 0.0653483 0.008461157
-0.003388719 0.01661206 0.05368184 0.01025092
-0.004911888 0.006858373 0.05883011 0.009688512
-0.006522961 0.01275154 0.05787803 0.009300388
0.0001658477 0.01466053 0.05272673 0.00830732
-0.004375842 0.005816178 0.05602635 0.009086938
-0.006855013 0.01202991 0.05632278 0.00940643
-0.005635874 0.007776302 0.05842098 0.008694368
-0.008355388 0.01535487 0.04938588 0.01001085
-0.01130364 0.01434942 0.05192728 0.008871254
-0.008934686 0.01529207 0.05011307 0.00950727
-0.00832201 0.01377689 0.04868412 0.009798804
-0.008658989 0.0159184 0.03822847 0.01050139
-0.0117224 0.02379248 0.03702483 0.01273678
-0.007312327 0.01825373 0.03136285 0.0121965
-0.008623275 0.01236571 0.0345948 0.01105124
-0.006826017 0.01459851 0.03601712 0.0111801
-0.01301884 0.0007031857 0.03979138 0.009165465
-0.01012835 0.01337642 0.02678201 0.01074065
-0.004578967 0.02043809 0.02164819 0.01296384
-0.01172267 0.01051401 0.02990827 0.01047439
-0.00981658 0.00891987 0.0331217 0.009248723
-0.01121355 0.006665949 0.02815918 0.01053648
-0.01101354 0.004703591 0.02933938 0.009507139
-0.004503904 0.01372753 0.02129339 0.01028562
-0.00780028 0.01984897 0.01649961 0.01077785
-0.007414426 0.0245397 0.009305253 0.01242316
-0.007429584 0.01783604 0.008549714 0.01105326
-0.01275721 0.01724748 0.008038371 0.0107575
-0.008642302 0.01602551 0.007107863 0.01085322
-0.006684449 0.009523563 0.009556748 0.01067245
-0.007475972 0.006534232 0.0109617 0.009429037
-0.005564729 -0.002360038 0.01073845 0.008251948
0.001190666 0.01284483 0.001962548 0.01017517
-0.002556231 0.01094677 0.001966127 0.01084027
-0.002283412 0.009481565 0.002959925 0.009484653
-0.005966224 0.01407753 -0.0005549971 0.01182424
-0.001661894 0.01506567 -0.00220525 0.01028258
-0.006828423 0.009635096 0.00219671 0.009625487
-0.005867899 0.01397697 0.0006644186 0.009555297
-0.004885896 0.008057991 0.002009002 0.01060447
-0.007971718 0.01269696 -0.006824017 0.01281145
-0.01090255 0.005803991 0.002197106 0.01071516
-0.005841787 0.01547872 -0.01005497 0.01222035
-0.005836983 0.0209351 -0.01172435 0.01203259
-0.007316914 0.006907183 -0.006936855 0.009915175
-0.007987567 0.0162336 -0.01400296 0.01180566
-0.009603568 0.01151211 -0.007825622 0.01072572
-0.00490842 0.0153943 -0.01181256 0.01221394
-0.002821093 0.02005783 -0.01554034 0.01163704
-0.007333745 0.01117019 -0.01072314 0.01143886
-0.004814516 0.01125374 -0.01155108 0.01273885
-0.007527806 0.01897497 -0.0154768 0.01404021
-0.003307335 0.008853026 -0.01330312 0.01246289
-0.003397665 0.01615755 -0.02302967 0.01406655
-0.001639713 0.005507176 -0.01180152 0.01121062
-8.949404e-05 0.008241504 -0.01511787 0.01257344
-0.005052771 0.0007212102 -0.009225472 0.01023468
-0.0008070991 -0.0001714377 -0.01083908 0.01063494
-0.0009528396 0.004418716 -0.01246032 0.01021025
0.0002190126 0.003100175 -0.01042432 0.01079871
0.001702522 0.002721748 -0.01300316 0.01082481
0.003193633 2.876819e-05 -0.01273384 0.01047092
-0.0001793966 -0.001734846 -0.01109247 0.01134064
0.004288812 0.002535238 -0.0136872 0.01015764
0.003309863 0.002540206 -0.01797028 0.01192252
0.004611919 -0.00113473 -0.01123022 0.01079146
0.003955659 -0.000788869 -0.01556413 0.01131459
0.006594596 0.002975131 -0.0168059 0.01057771
0.006262197 0.006637508 -0.01821375 0.0121591
0.01060646 0.01304515 -0.0227146 0.01301566
0.01133185 0.005635449 -0.02274109 0.01247971
0.006424278 -0.002644499 -0.01225574 0.01103619
0.009364001 0.001433047 -0.01487238 0.01094069
0.007939709 -0.002914186 -0.01367698 0.01139894
0.00791147 -0.004393262 -0.01908417 0.01155649
0.006187016 -0.009150622 -0.01839344 0.01199015
0.01126115 0.005443235 -0.02005287 0.01212981
0.009163026 0.0007253517 -0.02013533 0.01267193
0.009617289 -0.009078911 -0.01715018 0.01449316
0.01440828 0.01201089 -0.0269863 0.01436213
0.01162829 0.009205206 -0.02340281 0.01416686
0.01149899 0.01429528 -0.02743285 0.01634236
0.01026946 0.01456744 -0.02673981 0.01456298
0.01401716 0.0124281 -0.02583094 0.01416608
0.01354574 0.01165332 -0.02401181 0.01327329
0.01540194 0.008197173 -0.02490111 0.01382572
0.01636733 0.009360552 -0.02563456 0.0143267
0.01424756 0.003661126 -0.02795268 0.01474066
0.01511841 0.001787502 -0.02953018 0.01542323
0.02120989 0.0100989 -0.0307991 0.0135718
0.02083573 0.00984384 -0.02411317 0.01009189
0.01932696 -0.003006166 -0.02559811 0.01121672
0.0203174 0.00438852 -0.03028669 0.0134988
0.02193294 0.008430692 -0.03272403 0.01486963
0.01603518 -0.007816234 -0.02969365 0.01531968
0.01919766 0.01178663 -0.03415051 0.01407886
0.02055153 0.008135063 -0.03818269 0.0133787
0.0192865 0.008947213 -0.033754 0.01317566
0.02321531 0.01693454 -0.0362783 0.0139521
0.02606474 0.02052526 -0.04425519 0.01482916
0.02220679 0.01222386 -0.03983797 0.01391942
0.01848199 0.0009916554 -0.03537442 0.01154568
0.02377378 0.01024214 -0.0379196 0.01261842
0.02579766 0.01134265 -0.0385439 0.0116653
0.02631395 0.01402193 -0.04222103 0.01302789
0.02436811 0.01111164 -0.04415205 0.01256745
0.02523671 0.00847485 -0.04490672 0.0119845
0.02550937 0.007341844 -0.04204743 0.0125898
0.02688829 0.00969063 -0.04745817 0.01260438
0.02660192 0.005033706 -0.05143119 0.01324762
0.02315772 0.004760009 -0.04862621 0.01408732
0.02537009 0.009550323 -0.05043854 0.01390161
0.02846565 0.01017059 -0.05195679 0.01461347
0.02977769 0.01154396 -0.0533391 0.01472195
0.02693273 0.009370914 -0.05297864 0.01536256
0.02631727 0.00704891 -0.05147141 0.0147692
0.02611503 0.005635397 -0.05074388 0.01470975
0.02564954 0.004288751 -0.0542666 0.01458795
0.02793693 0.007980622 -0.05633406 0.01539795
0.02733924 0.005760409 -0.0538356 0.01457241
0.02937229 0.007581972 -0.0573065 0.01509909
0.02826538 0.005690325 -0.0578994 0.01516222
0.02686664 -0.0006335108 -0.05267606 0.01612955
0.02965679 0.003044057 -0.05312925 0.01610739
0.02817074 -0.0009507046 -0.05005933 0.01555219
0.02857081 -0.0009994825 -0.05035379 0.01516953
0.03181226 0.003866681 -0.05395068 0.01800735
0.02920711 0.001262867 -0.04886099 0.01619708
0.02848235 -0.003187758 -0.03969922 0.01587487
0.02499235 -0.009767415 -0.04043665 0.01514784
0.02789685 -0.0007144686 -0.04550279 0.01580461
0.02964924 0.0005258512 -0.04560557 0.01696032
0.03032974 0.005469585 -0.04460893 0.01557729
0.0287135 0.004766151 -0.04473214 0.01614163
0.0268898 0.004930349 -0.04297837 0.01698697
0.02449487 -0.002236921 -0.03647639 0.01602731
0.02642531 0.0004961347 -0.03869552 0.01643587
0.02648267 0.001318579 -0.03747622 0.0159197
0.02736189 0.004923291 -0.03961261 0.01715328
0.02566311 0.004185446 -0.03577137 0.01717085
0.02486098 -0.001720313 -0.03122003 0.01638373
0.02685971 0.004207915 -0.03407918 0.0164986
0.02781559 0.002446207 -0.03591424 0.01781123
0.03206156 0.00800837 -0.04020656 0.01821834
0.02912778 0.001983022 -0.03354903 0.01722277
0.02781933 -0.001312174 -0.03441418 0.01652214
0.02928322 0.007770638 -0.03554471 0.0181444
0.02694958 -0.003189145 -0.03169884 0.01634448
0.03033302 0.009767352 -0.0353373 0.01894523
0.02879233 0.002076976 -0.03249562 0.01802903
0.02772661 0.00777104 -0.03207609 0.01860967
0.02813164 0.001962748 -0.03216859 0.01691831
0.0284784 0.01055169 -0.03038511 0.01842813
0.02940395 0.00459705 -0.03129465 0.01786235
0.02650923 0.008999233 -0.03319107 0.01785131
0.02836658 0.004067727 -0.03133211 0.01844126
0.03097916 0.01301106 -0.03575511 0.01902378
0.02850321 0.01347662 -0.035175 0.01858701
0.02890827 0.007686967 -0.03182785 0.01853639
0.02346449 -0.0006244972 -0.02617194 0.01733098
0.0256156 -0.0001356428 -0.03007147 0.01801568
0.02740447 0.006943579 -0.03088557 0.01868875
0.02988552 0.01062433 -0.03018578 0.01835974
0.02727304 0.00326273 -0.02466126 0.0168015
0.02457932 0.003577869 -0.02712435 0.01836203
0.02840933 0.003077514 -0.02751754 0.01838061
0.02778376 0.007766476 -0.02797697 0.01757943
0.02788727 0.002567388 -0.02569584 0.01720009
0.02527914 0.00475598 -0.02120749 0.01703165
0.02896652 0.0002666138 -0.02126834 0.01616574
0.02499316 0.009039078 -0.02623504 0.01809348
0.02796105 0.00465899 -0.0229166 0.01933494
0.02704358 0.008106246 -0.02041499 0.01774886
0.02703739 0.01037837 -0.0232025 0.0188214
0.02519207 0.002233102 -0.01406545 0.01725393
0.02662425 0.009636944 -0.02077082 0.01805524
0.02447188 -0.0002855799 -0.01608083 0.01843067
0.02134976 -0.001097806 -0.01498825 0.01835347
0.02105904 -0.0004109667 -0.01344217 0.01819287
0.02474909 0.004808033 -0.01648053 0.01933787
0.02389883 0.007889949 -0.01768673 0.01919239
0.02241867 0.001499965 -0.01595737 0.01806525
0.02231872 0.008167558 -0.01179801 0.01750182
0.02159474 0.006832551 -0.013147 0.01905697
0.02158675 -0.007991651 -0.01117472 0.01776088
0.02479104 0.0205904 -0.01981392 0.01916836
0.01907131 -0.00498321 -0.003735945 0.01723946
0.01331016 -0.002764653 -0.00462384 0.01642721
0.02181383 -0.01403646 -0.0003148308 0.01737044
0.02222312 0.007010889 -0.01072837 0.02113662
0.02000808 -0.01949013 0.006826344 0.01623933
0.02280361 0.01056946 0.001252801 0.01777139
0.02237766 0.01121425 -0.009098019 0.01955002
0.02541139 -0.01703437 0.0006403415 0.01778209
0.02231055 0.01330173 -0.0002124882 0.0199379
0.02006337 -0.01051213 -0.001068503 0.02023041
0.0175618 0.003711543 0.0001973065 0.02097553
0.01736293 -0.002510459 0.002951599 0.0184595
0.02164221 0.01453801 -0.005346296 0.02177701
0.02076179 0.003539066 -0.009791874 0.0215533
0.01591056 -0.01820028 0.002192892 0.01951702
0.01272432 -0.008892141 -0.0004531757 0.02095499
0.02203415 -0.01020397 0.01111734 0.01728284
0.01295948 0.01862321 0.01072241 0.0178513
0.01413198 0.008259809 0.003410812 0.02086878
0.0184248 -0.009104745 0.001111771 0.02166733
0.01661018 -0.004551854 0.004599772 0.01899458
0.02619734 -0.02418312 0.01789669 0.01691484
0.01659993 0.01009433 0.004035214 0.01919109
0.0226064 0.0112083 -0.0004457429 0.02263075
0.01400167 -0.0175905 0.00250857 0.02132069
0.006233614 -0.01979718 0.002109974 0.01918698
0.01992469 -7.322755e-05 -0.001257456 0.02205642
0.004719604 0.003711015 0.002545796 0.02444191
0.01810783 0.00230005 -0.004090372 0.02337354
0.01852657 0.01154126 0.004730735 0.02012466
0.01148293 -0.003455393 0.009183594 0.02127574
0.00763668 -0.01413554 0.00263278 0.02249678
0.004922216 -0.01752168 -0.008570168 0.02295548
0.01439941 -0.007509153 -0.0058057 0.02351643
0.0164931 0.002814677 0.004619403 0.02294959
0.01694331 -0.01121048 0.008353463 0.01941985
0.01733955 0.003198213 0.001779567 0.02191045
0.01749898 0.0315882 0.002108149 0.02120478
0.02391295 0.01459107 0.01443319 0.01813383
0.01967133 0.03069015 0.005339681 0.0189858
0.01422666 0.0003534464 0.01246738 0.01598943
-0.0007953613 0.02760353 0.003619706 0.02197085
0.01072353 -0.005540515 -0.0001546982 0.02220122
0.01752311 -0.004714773 -0.00208841 0.02005491
0.009137196 0.008453274 0.001588832 0.02230356
0.01459224 0.02305154 0.002617658 0.01955672
0.01535836 0.03532625 0.009152889 0.01928818
0.01546436 0.01122869 0.01634079 0.01634047
0.01453822 0.05232774 -0.008051567 0.02244317
0.02004777 0.01968016 0.02342648 0.01853829
0.01807616 0.04485625 0.01302404 0.01791794
0.02207419 0.05068365 0.02094106 0.01654305
0.01825991 0.03707254 0.004642283 0.01950224
0.008429906 0.02666617 -0.02809139 0.02447827
0.01385121 -0.006642276 0.007748812 0.01998715
0.01330727 0.01769124 0.00224326 0.01926289
0.01590792 0.01580802 0.01961131 0.01764111
0.01403602 0.04239227 0.02014675 0.01447357
0.004807807 -0.0151508 0.002661516 0.02000671
0.01493943 0.01638455 -0.0009519596 0.02183888
0.01599464 0.03898866 0.002763588 0.02301541
0.02227832 -0.0121371 0.01696865 0.01510397
0.01546259 0.03594833 0.0009725664 0.02018842
0.01205281 0.03254208 -0.006101543 0.02297251
0.009995656 0.003248507 0.007753681 0.01969177
0.00879255 0.007606138 -0.0102612 0.02301115
0.002840807 -0.01669529 -0.006382924 0.02272909
0.01378729 0.01828821 -0.01942387 0.02138575
0.0156659 0.03261422 0.004107555 0.01808218
0.01691731 0.0354355 -0.005046518 0.02014207
0.01231015 0.03455026 -0.008897664 0.02458957
0.01966667 0.01116358 0.003331216 0.01915996
0.01027202 0.02586993 0.002334084 0.01908826
0.008401259 0.0260473 -0.009306968 0.02390318
-0.00227526 -0.006279521 -0.03581008 0.02739078
0.01836223 -0.01059995 -0.008490713 0.01928299
0.01487774 0.008147348 -0.00518148 0.01947934
0.0193065 0.02096447 -0.006876527 0.01954785
0.006848097 0.01887298 0.004432677 0.01787874
0.02634645 -0.02924242 0.01645655 0.01185391
0.009394808 -0.004011564 0.007155603 0.01658266
0.01550092 0.002130433 -0.0009567744 0.01946539
0.02207213 0.022347 -0.0008923522 0.01949178
0.01488393 0.01888861 -0.006181294 0.01984738
0.01400664 0.02808035 -0.009319589 0.01821078
0.002971705 -0.009587754 -0.01091241 0.01871634
0.0141993 -0.005036259 0.004483171 0.01326244
0.01876012 0.0326373 -0.01435533 0.01998009
0.01137204 0.0264229 -0.01358389 0.02133437
0.02673458 0.01293085 -0.008029268 0.01818042
0.01514538 0.01233032 -0.008526827 0.01897915
0.01362118 0.01243708 -0.001809967 0.01743357
0.01968944 0.02523261 -0.01094937 0.01968001
0.02327429 0.01904229 -0.01132439 0.01867515
0.01327352 0.02582289 -0.005013405 0.01569149
0.02358564 -0.01899782 -0.006894994 0.01745133
0.01875598 0.02358717 -0.01387296 0.02019745
0.006187576 0.00420371 -0.01364767 0.01820115
0.01902134 0.02124955 -0.01371974 0.01727029
0.01201208 0.02449549 -0.004435675 0.01717743
0.01846263 -0.01362628 -0.00325065 0.01625899
0.009589588 0.004585976 -0.01035925 0.01796962
0.01547419 0.03781823 -0.01280592 0.0192877
0.01434697 0.04625201 -0.01494911 0.01990683
0.01056226 0.01737573 -0.001131683 0.01658777
0.02512125 0.02466723 -0.007032111 0.01706311
0.01787073 0.0672363 -0.02471654 0.02138903
0.0132319 0.06541233 -0.02676623 0.02095452
0.01262172 0.04969689 -0.01011788 0.01742455
0.0198796 0.04578489 -0.007205778 0.01743177
0.01445444 0.03489365 -0.01125231 0.01936942
0.01676954 0.03368735 -0.01464591 0.01973174
0.01152829 0.05812373 -0.01666767 0.02038368
0.007307028 0.03040024 -0.00678125 0.01894323
0.01232311 0.04486089 -0.01720019 0.02060206
0.01698917 0.03554724 -0.00897153 0.01641178
0.01070517 0.06702841 -0.01316631 0.01914531
0.0124131 0.06391296 -0.01349485 0.02036183
0.0129519 0.04121063 -0.01202374 0.01784303
0.007986941 0.05520707 -0.02610898 0.02308662
0.007688119 0.05137458 -0.01946425 0.01909991
0.008012444 0.08261516 -0.01758362 0.01767156
0.008646313 0.08838647 -0.009871352 0.01566575
0.007076271 0.0767663 -0.006237507 0.01605512
0.01110459 0.04245742 -0.003624904 0.01651042
0.02049534 0.03530105 0.007556754 0.01315771
0.01725263 0.04748011 0.009107603 0.01300531
0.01172483 0.04065418 0.007367905 0.0142878
0.008177235 0.04003911 -7.850044e-05 0.01496126
0.008704405 0.02487525 0.0007979386 0.01660785
0.009575532 0.04805722 -0.0008948646 0.01407194
0.001167891 0.102419 -0.01105465 0.01789843
-0.002280604 0.06691074 -0.00949635 0.01977831
0.007200274 0.02202812 -0.001952608 0.01583049
0.01689409 0.009819937 0.01115944 0.01280064
0.0162255 0.04745619 -0.002172657 0.01456433
0.005884581 0.06104549 -0.006545316 0.01611331
0.01218854 0.0437754 0.004084995 0.01322744
0.01298967 0.0464051 0.01110397 0.01174714
0.001005055 0.02879761 0.003300083 0.01649515
-0.001495056 0.04603317 -0.01021466 0.01801106
-0.001704376 0.05205361 -0.01531147 0.01977376
0.00100482 0.04444817 -0.005205746 0.01600029
0.01281071 0.04437841 0.003471268 0.01341674
0.008921137 0.0412825 0.005391902 0.01296448
-0.001523814 0.05439438 -0.007414402 0.01830506
-0.00461587 0.03094343 -0.01242327 0.01997887
-0.00449184 0.01551495 -0.02156488 0.02108606
-0.002492583 0.007382844 -0.01055582 0.01680576
0.004896917 0.02121542 -0.002969282 0.01441676
0.006162885 0.02404908 0.003955584 0.01392502
0.01513371 0.03950633 0.001223517 0.01202047
0.005060873 0.06386257 0.002633264 0.01354667
0.00239642 0.0571564 0.002359373 0.01559955
0.00429537 0.02248869 0.008590617 0.01150381
0.008139778 0.02525876 0.006506188 0.01342103
0.01069874 0.01786216 0.008535457 0.01141126
0.00685022 0.04150577 0.002694454 0.01288212
0.00094422 0.0508182 -0.001594105 0.01619065
0.0005900593 0.01879491 -6.93662e-05 0.01626072
0.00844371 0.02098359 0.005381498 0.01151194
0.002547883 0.03256341 -0.001843265 0.01417493
-0.002028906 0.04012035 -0.001527327 0.01556715
0.004105454 0.01759078 -0.01257158 0.01621073
-0.006649461 0.0126403 -0.01363176 0.01950947
-1.708764e-05 0.02950179 -0.01579 0.01648658
-0.003819372 0.007404997 -0.006376155 0.01563953
-0.001001694 0.03182026 -0.01132956 0.01332726
-0.003686426 0.06571415 -0.01359592 0.00807636
-0.001173965 0.06920493 -0.01337384 0.007767093
0.004664236 0.07333279 -0.01554351 0.007614514
0.003226777 0.06801772 -0.01286203 0.007628482
0.005512914 0.06297623 -0.01129616 0.008655891
0.001320252 0.06540588 -0.01154032 0.008793649
-0.002090812 0.05779055 -0.009030575 0.009269426
-0.001161476 0.07922929 -0.02026425 0.01213884
-0.0108454 0.06357295 -0.008438156 0.01023504
-0.007139479 0.06281081 -0.01050454 0.01105878
-0.0005518765 0.03672776 -0.005571174 0.01066131
0.001130125 0.05743132 -0.009583589 0.01195741
0.008353869 0.03915115 -0.007054895 0.009517582
0.006835838 0.03160146 -0.006037065 0.01149145
0.003107663 0.04565042 -0.01057856 0.01428465
0.004493476 0.06535965 -0.01809996 0.01598767
-0.0008023317 0.07804823 -0.01511186 0.01642632
-0.0004415344 0.05852829 -0.01223778 0.01647045
0.004171918 0.09351255 -0.01668759 0.01632481
0.01001046 0.06982309 -0.01244084 0.0151024
0.003240619 0.03918356 -8.300602e-05 0.01582921
0.00462496 0.01796713 0.004501043 0.01301888
0.007106426 0.02532095 -0.001095691 0.01619914
0.009166287 0.01703987 0.0003351951 0.01663465
0.007385738 0.01083786 -0.005290885 0.01702504
0.01190863 0.01391305 0.002002625 0.01440986
0.01521592 0.01422097 -0.001472595 0.01890346
-0.0005814716 0.01008561 0.01084667 0.01610178
0.009134402 -0.001706995 0.00516271 0.01710068
0.00145189 0.0166195 0.01204137 0.01652364
0.008865012 0.01601342 0.002763629 0.01763605
0.003509456 0.01146223 0.01284439 0.01551367
0.001831505 -0.00141288 0.01981284 0.01376036
0.00618458 0.006962832 0.01429973 0.01614543
0.006121929 0.0208473 0.009403547 0.01552498
0.002769114 0.01744456 0.01357103 0.01537122
0.006613507 0.04320307 0.002303769 0.01666648
0.01167009 0.04079471 0.002922024 0.01851435
0.0008282089 0.03823427 0.01306987 0.01915472
-0.002558897 0.03340033 0.01065094 0.0199786
-0.001696294 0.03421299 0.01270795 0.01883763
0.0032038 0.03926318 0.008581892 0.01984652
0.005103058 0.03095404 0.01608798 0.01938401
0.007157955 0.03739737 0.01120209 0.01915671
0.005524654 0.04428772 0.01125921 0.0202536
0.007382564 0.0431675 0.01139686 0.02108732
0.002170811 0.04047645 0.01279313 0.02202501
-0.001562369 0.05017402 0.01580058 0.02295894
0.0002909745 0.04928271 0.01482324 0.02463295
0.0008965643 0.03880726 0.02112188 0.02372912
0.00324467 0.02488411 0.02978232 0.02312105
0.00747809 0.03012246 0.02365455 0.02433784
0.0008930584 0.02396441 0.02983383 0.02415567
0.000336983 0.02805073 0.02628815 0.02555986
-0.003396824 0.03129849 0.02539391 0.02563341
0.005306434 0.03031811 0.02741406 0.02705085
0.001589046 0.006888965 0.03834973 0.02433482
0.003069087 0.004266544 0.0402639 0.02450013
0.009422115 0.002720974 0.03275013 0.0257839
0.009120022 0.02363742 0.03066066 0.02685132
0.00270042 0.02709383 0.03116656 0.02658235
0.01015871 -0.001932756 0.03197827 0.02635709
0.01436759 -0.009839332 0.02747951 0.02830872
-0.01107109 0.03200724 0.02499187 0.02937989
-0.009662912 0.09371598 0.01151649 0.03526603
-0.004234513 0.07027734 0.02206296 0.03488253
-0.001142399 0.02187822 0.04135771 0.03144288
-0.000276325 0.01587195 0.04244178 0.03095139
0.0007580103 0.01142893 0.04255677 0.02976553
0.002780164 0.01102388 0.0409119 0.0305337
0.007031534 0.01242594 0.04207261 0.03136772
0.0102366 0.006676316 0.04303238 0.03162062
0.007187859 0.004205676 0.04618251 0.03019925
0.007222005 0.01476267 0.03537942 0.03318263
0.003842456 0.02137553 0.03533484 0.03208968
0.00293736 0.04512308 0.03230594 0.03592463
0.002126937 0.03086451 0.03607627 0.03509452
0.001013813 0.01555638 0.04100278 0.03440279
-0.002003943 0.01093934 0.03986322 0.03263942
0.007456099 0.01493647 0.03338402 0.03484668
0.007710099 -0.008470849 0.04091568 0.03229389
0.003095789 -0.02936745 0.05241177 0.0315119
0.01346997 -0.03079527 0.04163028 0.03371455
0.00510103 -0.04030345 0.03886587 0.03099887
0.005146001 -0.01661009 0.03215816 0.03270422
-0.00262914 0.01939977 0.03220118 0.03430865
-0.000641334 0.02796963 0.01765216 0.03606512
9.709531e-05 0.03405824 0.01664874 0.03849087
0.002751107 0.03867338 0.01386017 0.0385551
0.001145697 0.02366761 0.02266461 0.03632249
0.008629702 -0.008827111 0.02880562 0.03473302
0.006772091 -0.008710187 0.0281871 0.03460836
0.0006835289 -0.01449515 0.03458255 0.03443345
0.003013459 -0.01727818 0.02683286 0.03606241
0.003243117 0.01387991 0.02237279 0.03841785
0.003138182 0.0212444 0.01952464 0.03863304
0.003184874 0.008180046 0.02025192 0.03844398
0.01128696 0.01377093 0.01664089 0.03982231
0.01139882 0.01509435 0.01983442 0.03768106
0.01022684 0.005651401 0.02050955 0.03659061
0.006735149 0.002371883 0.019301 0.03867784
0.008580359 -0.0008970813 0.01338797 0.03728887
0.01087351 0.006137834 0.005319113 0.03931387
0.005217557 0.008480297 0.005515414 0.04041258
0.009142842 -0.0006831923 0.005058723 0.0404043
0.007630153 0.00639731 0.01201269 0.03969864
0.009512281 -0.009691598 0.01341868 0.03701922
0.01216021 -0.02199798 0.009150999 0.03726053
0.01132444 -0.02650584 0.01057135 0.03803783
0.01799063 -0.03848995 0.007249398 0.03747269
0.01882613 -0.03327946 0.004467511 0.03676467
0.01575451 -0.01608857 -0.005461427 0.03923691
0.01358429 0.03999785 -0.02301922 0.04382121
0.006461895 0.04986841 -0.01931144 0.04413929
0.01309898 0.04617829 -0.027807 0.04492628
0.01411009 0.01067244 -0.008319649 0.04056018
0.01658724 0.0001087551 -0.01515602 0.04198366
0.01348696 -5.001688e-05 -0.01349084 0.04112987
0.02021119 0.01381508 -0.02494925 0.04361132
0.01619242 0.003683447 -0.02326579 0.04227074
0.01340859 0.01149819 -0.02079529 0.04361048
0.01746033 0.004195851 -0.02258722 0.04346031
0.02463245 -0.005770047 -0.0184859 0.04098446
0.02694086 -0.01120835 -0.02133221 0.04331741
0.0228254 -0.04096547 -0.006445884 0.04110425
0.03048006 -0.04879558 -0.01656425 0.03949736
0.03260918 0.01221607 -0.0262641 0.04063534
0.03031001 0.04585248 -0.04395645 0.04736311
0.0253268 0.03306118 -0.05028635 0.0457155
0.02128368 0.04313218 -0.05120667 0.04417862
0.01688802 0.009901125 -0.03469833 0.04194274
0.01254391 -0.03228226 -0.02169082 0.04186953
0.01918546 -0.04312986 -0.02177637 0.03847298
0.0249439 -0.04512339 -0.03311528 0.04083603
0.0268349 -0.03297614 -0.03392079 0.0427912
0.0267606 -0.01313171 -0.03573656 0.04497507
0.02425412 0.02953283 -0.05947868 0.04629378
0.02642905 0.04950454 -0.06657931 0.04846831
0.03278554 0.03808092 -0.05659879 0.04618474
0.03678852 0.01923961 -0.04679063 0.04466779
0.03590207 0.005378518 -0.0508099 0.04519721
0.03632749 -0.005065807 -0.05211365 0.04416041
0.03008278 -0.01211355 -0.03777117 0.04284962
0.03751345 -0.002671132 -0.04718227 0.04571303
0.03873784 -0.01366639 -0.04425445 0.04385248
0.03864801 -0.03763942 -0.04143962 0.04251641
0.04202291 -0.03872239 -0.04013488 0.04370554
0.03937843 -0.01996395 -0.04735294 0.04515193
0.03871642 0.02854446 -0.0654602 0.04454741
0.03121429 0.02592463 -0.05803899 0.04542337
0.03637155 0.00944605 -0.05407677 0.04652264
0.03658861 -0.00387072 -0.04680793 0.04530259
0.03987254 -0.007007749 -0.04940992 0.0458987
0.03813678 -0.01750255 -0.05116552 0.04494995
0.04383179 -0.006174082 -0.04943784 0.04528129
0.04379371 -0.01791536 -0.04940578 0.04386509
0.04097516 -0.02984218 -0.04003648 0.04277268
0.03954395 -0.02545205 -0.04308577 0.04232881
0.04700366 -0.01015832 -0.04763569 0.04374387
0.05314438 -0.009232901 -0.05455434 0.04381626
0.0384522 -0.02947195 -0.04109265 0.04094561
0.04151851 -0.01964325 -0.05109126 0.04450117
0.04336973 -0.0128987 -0.05049877 0.04535212
0.04834655 -0.005513068 -0.06031421 0.04616508
0.04162621 -0.01361516 -0.0487976 0.04407641
0.03831266 -0.01027472 -0.04573747 0.04399355
0.04684026 -0.0005828811 -0.05483909 0.04646306
0.04365597 -0.007561965 -0.04987392 0.04418199
0.04432245 -0.006436102 -0.05257006 0.04508101
0.04503716 -0.009559898 -0.04699579 0.04413617
0.04542166 -0.02122497 -0.04719426 0.04423243
0.04468532 -0.004642594 -0.05152346 0.04668924
0.03820739 -0.006373667 -0.05306926 0.04571255
0.03640688 -0.01199337 -0.04840275 0.0451507
0.04813983 -0.02788282 -0.0334376 0.04267696
0.04064564 -0.06911412 -0.01714931 0.03805367
0.02348916 -0.03071463 -0.03196136 0.03958176
0.03573296 0.06613125 -0.0834574 0.0545503
0.03105242 0.03290649 -0.06523616 0.05314359
0.03418971 0.01147458 -0.05279933 0.050017
0.04069699 0.01125759 -0.05857641 0.05173669
0.03459041 -0.01110329 -0.03848149 0.04884469
0.0399123 -0.0133447 -0.03898189 0.04744249
0.03580743 -0.03069979 -0.02354098 0.0461095
0.03503219 -0.03270177 -0.02026724 0.04528258
0.03903171 -0.02028259 -0.03567126 0.0490182
0.03664054 -0.01129185 -0.04315451 0.05052517
0.02651897 0.001889442 -0.03573122 0.04959685
0.03840102 0.0050686 -0.04221783 0.05049455
0.03988671 0.005102499 -0.04603847 0.05085184
0.04049287 -0.007270742 -0.03764624 0.04951714
0.03949314 -0.008266243 -0.03457282 0.05137199
0.03916743 -0.009057512 -0.03457496 0.05157649
0.03897537 -0.007515142 -0.02985239 0.05164423
0.03706497 -0.01733956 -0.03106311 0.05067253
0.03909671 -0.01946026 -0.02928685 0.05058813
0.0292839 -0.03173275 -0.0175007 0.05065673
0.0315765 -0.01607957 -0.02666282 0.05243711
0.020976 -0.01684166 -0.03250305 0.05404754
0.0288591 -0.001006226 -0.02616994 0.05281966
0.02402182 -0.01506045 -0.01577443 0.0533334
0.03485013 -0.005340147 -0.02994154 0.0533894
0.032475 -0.01575707 -0.02357732 0.05163758
0.03128009 -0.01689792 -0.02115419 0.05194059
0.02591653 -0.01993672 -0.01767334 0.05271921
0.03610615 -0.003493417 -0.02791206 0.05560857
0.0315278 -0.003889514 -0.02383418 0.05447732
0.03678165 -0.01326483 -0.02350535 0.05485428
0.03686025 -0.01840072 -0.01443623 0.05325151
0.03301757 -0.03500183 -0.006332989 0.04988615
0.02451017 -0.03332946 0.002985963 0.05192362
0.01731132 -0.0354535 0.008413672 0.05299533
0.01716539 0.005578603 -0.02456119 0.05911868
0.02496613 0.001510026 -0.03082341 0.06078809
0.02051193 -0.005414571 -0.01662365 0.06096602
0.02074421 -0.01211517 -0.01099208 0.05581986
0.019208 -0.02111983 -0.006070135 0.05585602
0.0165358 -0.02313128 -0.003515402 0.05603632
0.02413386 -0.007877643 -0.01146833 0.05814933
0.02292551 -0.02109201 0.001739384 0.05816437
0.02219111 -0.01780566 -1.905957e-05 0.05810771
0.02158279 -0.0183461 -0.003245958 0.05837085
0.01977868 -0.01869705 -0.006144282 0.05887998
0.02155441 -0.01599909 7.641559e-05 0.05928542
0.02048023 -0.01239993 0.001990004 0.06074659
0.01939331 -0.01548818 0.0004636781 0.06104104
0.01675326 -0.01815258 0.003984474 0.05940582
0.01508481 -0.0180578 0.005978378 0.0588683
0.01130778 -0.02400722 0.007175489 0.05950345
0.01023394 -0.02714831 0.0151803 0.05797552
0.01154004 -0.02502447 0.01585155 0.05876253
0.01235446 -0.02162959 0.01279939 0.05693588
-0.00151321 -0.04264389 0.03665381 0.05355774
0.0002790763 -0.04065541 0.02248647 0.05601612
0.004166815 -0.02955633 0.01457006 0.06011548
0.003221358 -0.02355322 0.003050219 0.06033846
-7.884153e-05 -0.03317034 0.007737346 0.0573143
-0.0001502752 -0.03488703 0.01625685 0.05677719
0.00794699 -0.02043133 0.01338009 0.06151595
0.007550091 -0.01858487 0.01542666 0.06280963
0.003440395 -0.02409587 0.01988642 0.06097261
-0.003272948 -0.034461 0.02696646 0.05854172
-0.001101436 -0.0273052 0.02807069 0.05993219
0.003591529 -0.02551313 0.01464562 0.06001546
0.005969819 -0.01788507 0.005671624 0.06049665
0.002649386 -0.02830533 0.0120267 0.05966676
0.007704079 -0.02317801 0.01813685 0.05769152
0.004274382 -0.02563401 0.008621506 0.05909604
-0.01088189 -0.0468693 0.03058379 0.05165022
0.0007122983 -0.02954057 0.01759016 0.05395936
-0.007881339 -0.03250616 0.01356456 0.05539388
-0.03040333 -0.05248698 0.05062244 0.05230578
-0.0290706 -0.06685758 0.04394606 0.04122222
-0.01345223 -0.07100365 0.02477888 0.05129675
-0.0008351017 -0.04935679 0.01336469 0.05281966
0.004517966 -0.03795643 0.002857725 0.05661118
-0.003451714 -0.03381911 0.0008552619 0.05884091
-0.008343311 -0.04976326 0.005128137 0.05622485
0.001148921 -0.0316392 -0.005320997 0.06084064
-0.0006736124 -0.03252114 -0.000738819 0.06075077
0.005433831 -0.01424559 0.000994205 0.06260414
0.001073696 -0.02309234 0.005573697 0.05902002
-3.9568e-05 -0.02333263 0.008711394 0.05991305
-0.001947111 -0.02791587 0.01252925 0.06051877
0.001422559 -0.02001458 0.001087817 0.05950422
-0.002167705 -0.0221041 0.008708899 0.05925332
-0.001818289 -0.01467824 0.01048661 0.05955663
-0.001209296 -0.006948812 0.01907483 0.05731097
-0.01125331 -0.03799562 0.02505928 0.05322149
-0.005768873 -0.03075233 0.002275045 0.05729043
-0.001784948 -0.0319537 -0.01069022 0.06222131
-0.00410465 -0.04181077 -0.005727745 0.06188312
-0.009650029 -0.03048214 0.007593887 0.05973116
-0.004445592 -0.02282552 -0.0004174977 0.06239672
-0.009025152 -0.02116877 0.005244809 0.06110348
-0.007331503 -0.0141919 0.00307039 0.06232297
-0.01227039 -0.02296519 0.01007264 0.06023602
-0.01154726 -0.01318221 0.01198233 0.06047547
-0.01492215 -0.01691655 0.01212064 0.05946957
-0.01718456 -0.01525614 0.02283856 0.05853836
-0.02059391 -0.004292021 0.02085934 0.05993385
-0.01647742 0.02794574 0.01759139 0.05953751
-0.009974613 0.01684798 0.008481713 0.05977056
-0.01367575 -0.03897572 0.008063546 0.06195135
-0.01099839 -0.01537393 0.0001230855 0.06065405
-0.02014698 -0.01480482 0.01395325 0.05970224
-0.01603854 -0.04841858 -0.005212876 0.06136457
-0.01542021 -0.04869836 -0.01336433 0.06564088
-0.01117607 -0.02324515 -0.001435125 0.06560706
-0.02609006 -0.01230789 0.0207434 0.06197443
-0.01311982 0.01738475 0.01635144 0.06105764
-0.01767663 0.005110595 0.01976712 0.05842841
-0.02045672 -0.04444818 0.01523323 0.06301844
-0.03237203 -0.05620056 0.03412536 0.0630276
-0.0277647 -0.0254799 0.01792902 0.06237487
-0.03224839 -0.02817917 0.02879737 0.06013759
-0.032268 -0.0207253 0.02522299 0.05855927
-0.02514597 -0.01009117 0.02065494 0.06124411
-0.03409091 -0.01822145 0.02587868 0.06123993
-0.03332948 -0.003439716 0.02618202 0.06059076
-0.03203069 9.74095e-05 0.02547219 0.05965428
-0.03358509 -0.01107119 0.02981906 0.05870032
-0.03262776 -0.02208508 0.01836104 0.06379748
-0.03342638 -0.02690595 0.02112744 0.06023063
-0.03309853 -0.02224025 0.02754007 0.06131832
-0.03096212 -0.006877653 0.02245605 0.06187897
-0.03363497 -0.008657838 0.02829213 0.06153281
-0.03261191 -0.004923664 0.01587072 0.06097018
-0.03689256 -0.01517636 0.02403209 0.06071403
-0.03440985 -0.004380711 0.02648746 0.05895206
-0.0361593 0.01052101 0.0249567 0.05904027
-0.03898008 0.009991493 0.02776147 0.06026446
-0.04071784 0.01813527 0.0280605 0.05926364
-0.04054652 0.02327717 0.002415036 0.06225204
-0.04180701 -0.02190206 0.02080306 0.06185119
-0.03859237 -0.04285038 0.0232973 0.05726907
-0.03866862 -0.0004489021 0.02768082 0.05999918
-0.03987211 0.0699484 0.02939744 0.05980927
-0.04631981 0.02445875 0.02976007 0.05413205
-0.03996075 -0.02551669 0.03434543 0.05344486
-0.03189655 -0.03545894 0.01236646 0.05587409
-0.03530015 -0.05647293 0.01086153 0.05498396
-0.03984177 -0.07877153 0.01718173 0.05597609
-0.03432328 -0.03359176 0.005159817 0.06082207
-0.03594767 -0.01164197 0.00921316 0.05902241
-0.03803762 -0.009416089 0.01593671 0.06007126
-0.03810715 -0.003021058 0.01580785 0.05896912
-0.0358161 0.002358802 0.01361 0.05833291
-0.04359904 -0.004906426 0.02215233 0.05888599
-0.04331217 0.02078704 0.02668937 0.05881004
-0.0348861 0.05524352 0.02776596 0.05422922
-0.03951514 0.08447178 0.0224455 0.05668005
-0.04727434 -0.05215313 0.02375626 0.05170118
-0.03739133 -0.07771468 0.02235319 0.05359947
-0.03791404 -0.04713309 0.01403708 0.05680666
-0.04390145 0.01525699 0.0118424 0.05719658
-0.04797707 0.0657635 0.01105765 0.05426759
-0.04587241 -0.02621743 0.02561988 0.04923736
-0.03408864 -0.06565248 0.01412412 0.0541472
-0.04061263 -0.0395971 0.0169468 0.05416849
-0.0411024 -0.01544647 0.01345104 0.05585538
-0.03920962 -0.002275082 0.01161643 0.05500073
-0.04176141 0.02906125 0.0169048 0.05421184
-0.03216106 0.01918247 0.00227337 0.05721146
-0.03904327 -0.03223557 0.01804089 0.05535043
-0.041694 -0.01630772 0.01850677 0.05523085
-0.04237685 0.002445914 0.01636171 0.05574545
-0.04138914 0.01345099 0.01633833 0.0550164
-0.05324549 0.04596163 0.0190041 0.05242303
-0.05160791 0.0817244 0.01760317 0.05180567
-0.04903915 0.1706378 0.0366797 0.05622936
-0.0631676 0.06517326 0.06236994 0.04145397
-0.03932251 0.01077232 0.01232511 0.04522735
-0.04456273 -0.01588399 0.004503907 0.04759876
-0.05047525 -0.09461978 0.01513461 0.04906068
-0.04883554 -0.0852534 0.009163058 0.04953248
-0.04655889 -0.09629537 0.02336961 0.05104393
-0.03989212 -0.05232772 0.01264915 0.05092567
-0.04272657 0.003125737 0.005648858 0.05479508
-0.04108465 -0.03741875 0.00579241 0.05138605
-0.04380895 -0.06982111 0.0135144 0.04979713
-0.04011126 -0.02669277 0.0096099 0.05202106
-0.04215354 0.0216411 0.01856 0.04924744
-0.04620188 0.04757837 0.01395827 0.04939777
-0.03789236 0.005850546 0.01863028 0.04839885
-0.03920464 -0.06702227 0.02390726 0.04749518
-0.03817764 -0.02933266 0.009290938 0.05086245
-0.03924053 0.01342243 0.01022714 0.05116808
-0.04930136 0.03495543 0.02124167 0.04771539
-0.05076475 0.03356917 0.02312765 0.04932667
-0.04126782 0.01311201 0.01035237 0.0510841
-0.04564875 -0.003414563 0.02154778 0.04602985
-0.05691798 0.06535087 0.02348331 0.04527979
-0.05592694 0.1005435 0.005764006 0.04535509
-0.04588415 -0.02155397 0.02618613 0.04727095
-0.0256365 -0.08677898 0.0008448582 0.04998767
-0.0350733 -0.08134823 0.01299879 0.04432565
-0.03701759 -0.00800698 0.01337293 0.04611729
-0.0410653 0.03568896 0.01334276 0.04427118
-0.05335796 0.08582464 0.01907654 0.04523805
-0.06732198 0.09427837 0.03708583 0.04132407
-0.04846291 0.03238153 0.02524745 0.03979729
-0.06272314 0.01623703 0.03721696 0.03667422
-0.0535717 -0.1044645 0.04126835 0.03636803
-0.03317391 -0.05375899 0.01884424 0.04217763
-0.03687781 -0.0668767 0.01266361 0.04235248
-0.03848471 -0.04654464 0.01579269 0.0419369
-0.03862625 -0.007503176 0.01289363 0.0423697
-0.03654862 0.04921509 0.009243461 0.04088407
-0.03995213 0.09053443 0.021478 0.03913666
-0.04592579 0.01555965 0.01930347 0.03969928
-0.03709667 -0.06903865 0.01371937 0.03952401
-0.03517092 -0.0258312 0.008686793 0.03912629
-0.04535016 0.01607264 0.02376942 0.03602979
-0.04040902 0.004475836 0.01478827 0.03843528
-0.03516298 -0.02071594 0.01878993 0.03772952
-0.0373326 0.01801427 0.01430543 0.03709239
-0.03795953 -0.03704881 0.01371365 0.03566824
-0.03296366 -0.01695425 0.008564096 0.03670646
-0.03486305 0.002513885 0.01332828 0.03574105
-0.03336421 0.0281132 0.01218688 0.03632922
-0.03406122 0.05168925 0.008134827 0.03637943
-0.03756583 0.04623033 0.008264677 0.03475155
-0.03028032 0.01592657 0.003675052 0.03301263
-0.03395436 0.05422673 0.00943168 0.0308828
-0.03383864 0.159896 0.006108864 0.02892603
-0.05612046 0.02038891 0.03695336 0.02804236
-0.02468908 -0.09162441 0.01830797 0.02780427
-0.02604922 -0.04116523 0.01478341 0.02701209
-0.02796066 0.01660397 0.01209185 0.02926503
-0.02745147 0.01247072 0.008018473 0.02946241
-0.02749988 0.02077998 0.008111175 0.02826608
-0.02734889 0.04040436 0.005880555 0.02876271
-0.02770487 0.04827544 0.006876105 0.02727416
-0.02660162 0.07456947 0.004920093 0.02572395
-0.03233131 0.1225895 0.008131494 0.02318317
-0.03439229 0.1690651 0.006514958 0.0223779
-0.03747189 0.1780781 0.005031334 0.02599294
-0.01998093 -0.01664509 -0.002345243 0.0207906
-0.02676618 -0.0654761 0.01228063 0.01819904
-0.009038262 -0.09257976 0.005462852 0.0219622
-0.01644761 -0.05900796 0.009497156 0.01871921
-0.01848227 -0.005870873 0.01309033 0.01994428
-0.02109079 0.07311054 0.006400602 0.02010226
-0.02893134 0.03050408 0.004216431 0.02162409
-0.01580287 -0.03446124 0.003380035 0.01956583
-0.01845382 -0.001281474 0.01462896 0.01808636
-0.01914232 -0.03004161 0.01219718 0.0181582
-0.01551047 -0.01244971 0.009688885 0.01897544
-0.01524537 0.01424069 0.0113824 0.01768216
-0.02065829 0.07250069 0.004800572 0.01755725
-0.01714993 -0.0238138 -0.004315761 0.01963356
-0.0122086 -0.03845756 0.009002446 0.01598673
-0.01829496 -0.008188159 0.01014932 0.01776585
-0.01887878 0.01845991 0.004103477 0.01825793
-0.01701213 0.01516117 0.004455145 0.01704693
-0.01746881 0.03145881 0.003931367 0.01609053
-0.0180492 0.01817442 0.006845198 0.01602479
-0.01618021 0.03905443 0.005200235 0.0148768
-0.01667939 0.09321333 -0.00568862 0.01884547
-0.01449903 -0.02635475 0.008970022 0.01396645
-0.0136933 -0.02434675 0.0108286 0.01281148
-0.0153106 0.01714643 0.005005233 0.01345371
-0.01472917 0.01883574 0.003045961 0.01380263
-0.01213718 0.02064889 0.003251217 0.01308585
-0.01434211 0.03171818 0.001881078 0.0137714
-0.01453852 0.01911987 0.006705223 0.01234247
-0.01242748 0.02339457 0.004952038 0.01121528
-0.0152803 0.05529547 0.00872214 0.01063284
-0.01025989 0.009599077 0.005951187 0.01062095
-0.007395832 -0.02712882 0.007860888 0.008753238
-0.009121031 0.007509659 0.008023898 0.01012625
-0.01230478 0.02712223 0.00309689 0.0102273
-0.01246583 0.02674372 0.0001319886 0.01016873
-0.01120174 0.02639145 0.002627684 0.008820702
-0.01692766 0.0784337 0.002280013 0.008865043
-0.01807281 0.07273029 -0.0006626444 0.008518454
-0.01115443 0.002814626 0.0009181874 0.008122583
-0.008391261 -0.006445417 0.001376506 0.007364311
-0.008091524 0.006058924 0.002534139 0.007029855
-0.01088767 -0.006145357 0.004253794 0.007179109
-0.009226749 -0.02655154 0.00295405 0.006737761
-0.004731971 -0.02688771 0.002641758 0.005829575
-0.006578351 -0.01187188 0.0019724 0.00656289
-0.00656054 0.009950304 0.001879484 0.006590164
-0.008749218 0.01378203 0.002836738 0.006280499
-0.007464624 0.01822285 0.0002891809 0.006782465
-0.007260686 0.01846938 0.0008499967 0.00615323
-0.007463374 0.02538965 2.979529e-05 0.006400734
-0.006941833 0.02059166 0.001849998 0.004989214
-0.008576927 0.01545834 0.001866995 0.005344634
-0.005975863 0.005583545 0.001787417 0.004673445
-0.005797582 0.01159016 5.576105e-05 0.004966216
-0.006321535 0.01372037 0.001532821 0.004208729
-0.005241555 0.01748344 0.0002841032 0.004563628
-0.006160914 0.01593106 0.002802454 0.003661982
-0.006003243 0.02265487 -0.0002016949 0.00394923
-0.006232708 0.02407599 0.0001624033 0.003571346
-0.003515862 0.03244376 -0.001646224 0.00368153
-0.00451862 0.01171946 0.0003441868 0.002998154
-0.003393811 -0.006924956 0.003083021 0.00234933
-0.003245793 -0.0009846954 0.002235512 0.002132213
-0.003948562 0.007385677 0.0002911235 0.002627229
-0.002914875 0.01217649 -0.0006163608 0.002579795
-0.003168557 0.009727582 0.0002800548 0.002235498
-0.004903881 0.01064843 0.00112582 0.001938981
-0.003691767 0.008530544 -0.0003406242 0.002217403
-0.002264347 0.01277772 -0.001155065 0.001834439
-0.004309372 0.008907686 0.0006692785 0.001713829
-0.002091226 0.01177868 -8.715597e-05 0.001774549
-0.002268155 0.02144109 -0.002969093 0.002050795
-0.004179439 0.01739475 -0.002588557 0.002305009
-0.003562945 0.02131856 -0.002586739 0.001426416
-0.001213408 -0.0007720132 -0.001797008 0.001063008
-0.001465516 -0.0007419801 -0.001241237 0.0006639429
-0.002101697 0.002045866 0.0008522075 0.0009680485
-0.00236192 0.005794597 0.0008058069 0.0007743368
-0.001965414 0.007419835 -0.0004846323 0.001173419
-0.001059126 0.005945759 -0.0002293805 0.0004972845
-0.001936821 0.008320665 -0.0007842437 0.0009034716
-0.001377017 0.004809713 0.0006136736 0.0004560864
-0.0008477504 0.00806855 -0.001665487 0.0008638506
-0.001074037 0.004658187 -0.0007531492 0.0006142424
-0.001366134 0.004689335 0.0005177043 0.0003082572
-5.013239e-05 0.007403796 -0.001905869 0.0008192508
-0.0006797352 0.004217359 -0.0008405326 0.0005241563
-0.001476679 0.005071009 -0.0003119068 0.0004094726
-0.0003974373 0.004096551 -0.0007572824 0.0005560193
-0.0001728282 0.005940932 -0.0008759873 0.000411572
-0.0007486083 0.002981696 0.0002233175 0.0004019757
-0.0004727576 0.004845047 -0.0007421496 0.0002956851
-0.0003618673 0.004752369 -0.001003763 0.0006208652
7.272952e-05 0.004292035 -0.00107197 0.0003182717
-0.0001962755 0.004384773 -0.001150409 0.0003748534
-0.0007233255 0.00238132 0.0004157596 -1.318433e-06
-0.0005093582 0.002714755 -0.0006749785 0.0002088575
-7.722195e-05 0.001583782 -0.0008030973 0.0001377035
-0.0006070529 0.002544428 2.143974e-05 0.0001681399
-0.0005899919 0.001029698 0.0005954666 -4.848416e-05
-0.0003157494 0.00244052 -0.0003895841 6.233092e-05
-0.0007166056 0.001151742 0.0004949221 0.0001264707
0.0001961269 0.00161866 -1.112197e-05 -0.0001105309
-0.0001802085 0.001843286 -0.0005601097 0.0002209623
-0.0004443815 0.0009468604 0.0008784373 8.691214e-05
-0.0001011338 0.001689488 -0.0002314266 -0.0002704117
-0.0002538594 0.001048995 -0.0001404137 -3.344405e-05
0.0001027653 0.0009409304 -0.0009020702 -3.139622e-05
8.327539e-05 0.001517668 -0.0004142198 -2.491364e-05
0.0002054823 0.001467435 -0.0004553868 6.434951e-05
-0.0005481153 8.798274e-05 0.0002048224 -0.0001081621
0.0001682569 0.001103292 0.0001885538 0.0001864735
-0.0002951195 -4.168313e-05 0.0003580928 7.300811e-05
0.0002909865 0.001238619 -0.0003608955 0.0002331747
-0.0004007301 0.000299781 0.0001641396 -1.865239e-05
0.0004073089 0.00147701 4.758584e-05 7.442113e-05
0.0005541481 0.001337551 -0.0001227392 0.0002359053
0.0002130527 0.001423665 -0.0001062824 0.0001481472
-0.0004052558 -0.000330413 0.0007560913 -0.0002331703
-0.0001634889 0.0007420219 0.0002123962 -2.505451e-05
0.0002369791 0.001014936 0.0002489395 -3.047811e-05
0.0002380589 0.001410714 -0.0006141085 0.0002859201
2.041378e-05 0.0004640622 0.0004214962 -4.071443e-05
0.0004852037 0.000326671 -0.0005254828 -7.238942e-05
-0.0004627767 -0.0002037857 0.0003261206 -4.174102e-05
-0.0003138809 0.0002065479 0.000738168 -0.000158309
0.0008170939 0.001639638 -0.001746328 -1.92023e-05
-0.0003292561 -0.0008947376 -1.83649e-05 3.182579e-05
-0.0003429908 -4.379199e-05 -0.0001749675 9.128125e-05
0.0001265784 0.0005939819 0.0001209328 0.0001387581
-0.0004440907 -0.0007623667 5.287741e-05 -0.0002585148
-0.001068253 -0.001853588 0.001109289 -0.0003815724
0.0009426425 0.001993869 -0.0008224834 0.000319532
0.0004205097 0.0006216077 -0.0004396123 0.00024163
-0.0002159321 -0.0003082585 0.0005365806 -8.989885e-05
-0.0003253808 -0.0001681596 0.000957702 -4.851237e-05
0.0003744994 0.0004692896 -0.0009716056 1.77951e-05
-0.0001907736 0.0006119593 -0.0006234263 1.465731e-05
0.0002477105 0.0003526545 -0.0008751671 0.0002168983
-0.0005398318 -0.000553627 0.0008252192 -7.882473e-05
-0.001229219 -0.002490052 0.001485595 -0.0001899023
0.0009280407 0.001803858 -0.001523912 0.0003651928
-5.664207e-05 -0.0001029082 0.0002519924 -0.0001914115
0.0003061053 0.000384282 -5.289682e-05 -3.001665e-06
-0.0002628061 -0.001699461 0.0003747803 -0.0001483061
0.0002909809 0.0004358285 0.000158714 9.556569e-05
-0.0002033843 -0.0005186896 0.0009504608 7.894479e-06
7.07911e-05 0.0003563344 0.0006066122 0.000170828
-0.0001947764 -0.000626193 0.0004538662 -0.0001361828
-0.000135563 -0.0001044711 0.001282755 7.512887e-05
-0.0001252278 -0.0009895125 0.0004027572 -0.0001230267
-7.976858e-05 -0.0003798892 0.0003456991 -7.037594e-05
-0.0003765679 -0.0003755919 0.0005576388 -6.736274e-05
6.061025e-05 0.0005557052 -0.0002160017 0.0002804038
-0.0001598087 -0.0004779657 -0.0008727679 0.0001552936
-0.000366442 -0.0008603291 0.0006458996 7.385755e-06
-0.0001393259 -0.0006610656 0.0008843171 -0.0002778803
0.000257682 0.0006071078 -0.0007582994 -2.419744e-05
0.0004087054 0.000441719 -0.0004396175 -1.408311e-05
-0.0004534431 8.950132e-05 0.0006452959 -9.186274e-05
-0.0001437586 -0.0003328058 -3.356411e-05 8.558052e-05
0.0002250961 0.0007555826 -0.0004099334 0.000150372
0.000297114 -4.822664e-05 0.0001412908 -6.095803e-05
