1772.023
1771.4
1770.777
1770.154
1769.531
1768.907
1768.284
1767.66
1767.036
1766.412
1765.788
1765.163
1764.538
1763.914
1763.289
1762.663
1762.038
1761.412
1760.786
1760.16
1759.534
1758.908
1758.281
1757.655
1757.028
1756.4
1755.773
1755.146
1754.518
1753.89
1753.262
1752.634
1752.005
1751.377
1750.748
1750.119
1749.49
1748.861
1748.231
1747.601
1746.971
1746.341
1745.711
1745.081
1744.45
1743.819
1743.188
1742.557
1741.926
1741.294
1740.662
1740.03
1739.398
1738.766
1738.133
1737.501
1736.868
1736.235
1735.601
1734.968
1734.334
1733.701
1733.067
1732.432
1731.798
1731.163
1730.529
1729.894
1729.259
1728.623
1727.988
1727.352
1726.716
1726.08
1725.444
1724.808
1724.171
1723.534
1722.897
1722.26
1721.623
1720.985
1720.348
1719.71
1719.072
1718.433
1717.795
1717.156
1716.517
1715.878
1715.239
1714.6
1713.96
1713.32
1712.68
1712.04
1711.4
1710.76
1710.119
1709.478
1708.837
1708.196
1707.554
1706.913
1706.271
1705.629
1704.987
1704.344
1703.702
1703.059
1702.416
1701.773
1701.13
1700.486
1699.842
1699.199
1698.555
1697.91
1697.266
1696.621
1695.977
1695.332
1694.686
1694.041
1693.396
1692.75
1692.104
1691.458
1690.812
1690.165
1689.519
1688.872
1688.225
1687.577
1686.93
1686.283
1685.635
1684.987
1684.339
1683.69
1683.042
1682.393
1681.744
1681.095
1680.446
1679.797
1679.147
1678.497
1677.847
1677.197
1676.547
1675.896
1675.245
1674.594
1673.943
1673.292
1672.641
1671.989
1671.337
1670.685
1670.033
1669.38
1668.728
1668.075
1667.422
1666.769
1666.116
1665.462
1664.808
1664.154
1663.5
1662.846
1662.192
1661.537
1660.882
1660.227
1659.572
1658.917
1658.261
1657.605
1656.949
1656.293
1655.637
1654.98
1654.324
1653.667
1653.01
1652.353
1651.695
1651.037
1650.38
1649.722
1649.064
1648.405
1647.747
1647.088
1646.429
1645.77
1645.111
1644.451
1643.791
1643.132
1642.472
1641.811
1641.151
1640.49
1639.83
1639.169
1638.507
1637.846
1637.185
1636.523
1635.861
1635.199
1634.537
1633.874
1633.212
1632.549
1631.886
1631.223
1630.559
1629.896
1629.232
1628.568
1627.904
1627.24
1626.575
1625.91
1625.245
1624.58
1623.915
1623.25
1622.584
1621.918
1621.252
1620.586
1619.92
1619.253
1618.587
1617.92
1617.253
1616.585
1615.918
1615.25
1614.582
1613.914
1613.246
1612.578
1611.909
1611.24
1610.571
1609.902
1609.233
1608.563
1607.894
1607.224
1606.554
1605.883
1605.213
1604.542
1603.871
1603.2
1602.529
1601.858
1601.186
1600.515
1599.843
1599.171
1598.498
1597.826
1597.153
1596.48
1595.807
1595.134
1594.461
1593.787
1593.113
1592.439
1591.765
1591.091
1590.416
1589.741
1589.066
1588.391
1587.716
1587.041
1586.365
1585.689
1585.013
1584.337
1583.66
1582.984
1582.307
1581.63
1580.953
1580.276
1579.598
1578.92
1578.243
1577.564
1576.886
1576.208
1575.529
1574.85
1574.171
1573.492
1572.813
1572.133
1571.453
1570.774
1570.093
1569.413
1568.733
1568.052
1567.371
1566.69
1566.009
1565.327
1564.646
1563.964
1563.282
1562.6
1561.918
1561.235
1560.552
1559.869
1559.186
1558.503
1557.82
1557.136
1556.452
1555.768
1555.084
1554.399
1553.715
1553.03
1552.345
1551.66
1550.975
1550.289
1549.603
1548.918
1548.231
1547.545
1546.859
1546.172
1545.485
1544.798
1544.111
1543.424
1542.736
1542.048
1541.361
1540.672
1539.984
1539.296
1538.607
1537.918
1537.229
1536.54
1535.85
1535.161
1534.471
1533.781
1533.091
1532.401
1531.71
1531.019
1530.328
1529.637
1528.946
1528.255
1527.563
1526.871
1526.179
1525.487
1524.794
1524.102
1523.409
1522.716
1522.023
1521.33
1520.636
1519.942
1519.249
1518.555
1517.86
1517.166
1516.471
1515.776
1515.081
1514.386
1513.691
1512.995
1512.3
1511.604
1510.908
1510.211
1509.515
1508.818
1508.121
1507.424
1506.727
1506.03
1505.332
1504.634
1503.936
1503.238
1502.54
1501.841
1501.142
1500.444
1499.744
1499.045
1498.346
1497.646
1496.946
1496.246
1495.546
1494.846
1494.145
1493.444
1492.743
1492.042
1491.341
1490.639
1489.938
1489.236
1488.534
1487.832
1487.129
1486.426
1485.724
1485.021
1484.317
1483.614
1482.911
1482.207
1481.503
1480.799
1480.095
1479.39
1478.685
1477.981
1477.275
1476.57
1475.865
1475.159
1474.453
1473.747
1473.041
1472.335
1471.628
1470.922
1470.215
1469.508
1468.8
1468.093
1467.385
1466.678
1465.97
1465.261
1464.553
1463.844
1463.136
1462.427
1461.718
1461.008
1460.299
1459.589
1458.879
1458.169
1457.459
1456.748
1456.038
1455.327
1454.616
1453.905
1453.193
1452.482
1451.77
1451.058
1450.346
1449.634
1448.921
1448.209
1447.496
1446.783
1446.07
1445.356
1444.643
1443.929
1443.215
1442.501
1441.786
1441.072
1440.357
1439.642
1438.927
1438.212
1437.496
1436.781
1436.065
1435.349
1434.633
1433.916
1433.2
1432.483
1431.766
1431.049
1430.332
1429.614
1428.897
1428.179
1427.461
1426.742
1426.024
1425.305
1424.586
1423.868
1423.148
1422.429
1421.709
1420.99
1420.27
1419.55
1418.829
1418.109
1417.388
1416.667
1415.946
1415.225
1414.504
1413.782
1413.06
1412.338
1411.616
1410.894
1410.171
1409.449
1408.726
1408.003
1407.279
1406.556
1405.832
1405.109
1404.385
1403.66
1402.936
1402.211
1401.487
1400.762
1400.037
1399.311
1398.586
1397.86
1397.134
1396.408
1395.682
1394.956
1394.229
1393.502
1392.775
1392.048
1391.321
1390.593
1389.865
1389.137
1388.409
1387.681
1386.953
1386.224
1385.495
1384.766
1384.037
1383.307
1382.578
1381.848
1381.118
1380.388
1379.658
1378.927
1378.196
1377.465
1376.734
1376.003
1375.272
1374.54
1373.808
1373.076
1372.344
1371.612
1370.879
1370.146
1369.413
1368.68
1367.947
1367.214
1366.48
1365.746
1365.012
1364.278
1363.543
1362.809
1362.074
1361.339
1360.604
1359.868
1359.133
1358.397
1357.661
1356.925
1356.189
1355.452
1354.716
1353.979
1353.242
1352.505
1351.767
1351.03
1350.292
1349.554
1348.816
1348.077
1347.339
1346.6
1345.861
1345.122
1344.383
1343.644
1342.904
1342.164
1341.424
1340.684
1339.944
1339.203
1338.462
1337.721
1336.98
1336.239
1335.497
1334.756
1334.014
1333.272
1332.53
1331.787
1331.045
1330.302
1329.559
1328.816
1328.072
1327.329
1326.585
1325.841
1325.097
1324.353
1323.608
1322.864
1322.119
1321.374
1320.628
1319.883
1319.138
1318.392
1317.646
1316.9
1316.153
1315.407
1314.66
1313.913
1313.166
1312.419
1311.671
1310.924
1310.176
1309.428
1308.68
1307.931
1307.183
1306.434
1305.685
1304.936
1304.187
1303.437
1302.688
1301.938
1301.188
1300.438
1299.687
1298.936
1298.186
1297.435
1296.684
1295.932
1295.181
1294.429
1293.677
1292.925
1292.173
1291.42
1290.668
1289.915
1289.162
1288.409
1287.655
1286.902
1286.148
1285.394
1284.64
1283.885
1283.131
1282.376
1281.621
1280.866
1280.111
1279.356
1278.6
1277.844
1277.088
1276.332
1275.576
1274.819
1274.062
1273.305
1272.548
1271.791
1271.033
1270.276
1269.518
1268.76
1268.002
1267.243
1266.485
1265.726
1264.967
1264.208
1263.448
1262.689
1261.929
1261.169
1260.409
1259.649
1258.888
1258.128
1257.367
1256.606
1255.845
1255.083
1254.322
1253.56
1252.798
1252.036
1251.274
1250.511
1249.748
1248.985
1248.222
1247.459
1246.696
1245.932
1245.168
1244.404
1243.64
1242.876
1242.111
1241.346
1240.582
1239.816
1239.051
1238.286
1237.52
1236.754
1235.988
1235.222
1234.455
1233.689
1232.922
1232.155
1231.388
1230.621
1229.853
1229.085
1228.317
1227.549
1226.781
1226.013
1225.244
1224.475
1223.706
1222.937
1222.168
1221.398
1220.628
1219.858
1219.088
1218.318
1217.547
1216.777
1216.006
1215.235
1214.463
1213.692
1212.92
1212.149
1211.377
1210.604
1209.832
1209.06
1208.287
1207.514
1206.741
1205.967
1205.194
1204.42
1203.646
1202.872
1202.098
1201.324
1200.549
1199.774
1198.999
1198.224
1197.449
1196.673
1195.898
1195.122
1194.346
1193.569
1192.793
1192.016
1191.24
1190.463
1189.685
1188.908
1188.13
1187.353
1186.575
1185.797
1185.018
1184.24
1183.461
1182.682
1181.903
1181.124
1180.344
1179.565
1178.785
1178.005
1177.225
1176.445
1175.664
1174.883
1174.102
1173.321
1172.54
1171.758
1170.977
1170.195
1169.413
1168.631
1167.848
1167.066
1166.283
1165.5
1164.717
1163.933
1163.15
1162.366
1161.582
1160.798
1160.014
1159.23
1158.445
1157.66
1156.875
1156.09
1155.305
1154.519
1153.733
1152.947
1152.161
1151.375
1150.588
1149.802
1149.015
1148.228
1147.44
1146.653
1145.865
1145.078
1144.29
1143.501
1142.713
1141.925
1141.136
1140.347
1139.558
1138.769
1137.979
1137.189
1136.4
1135.61
1134.819
1134.029
1133.238
1132.448
1131.657
1130.865
1130.074
1129.283
1128.491
1127.699
1126.907
1126.115
1125.322
1124.53
1123.737
1122.944
1122.151
1121.357
1120.564
1119.77
1118.976
1118.182
1117.388
1116.593
1115.798
1115.003
1114.208
1113.413
1112.618
1111.822
1111.026
1110.23
1109.434
1108.638
1107.841
1107.045
1106.248
1105.451
1104.653
1103.856
1103.058
1102.26
1101.462
1100.664
1099.866
1099.067
1098.268
1097.469
1096.67
1095.871
1095.071
1094.272
1093.472
1092.672
1091.871
1091.071
1090.27
1089.47
1088.669
1087.867
1087.066
1086.264
1085.463
1084.661
1083.859
1083.056
1082.254
1081.451
1080.648
1079.845
1079.042
1078.239
1077.435
1076.631
1075.827
1075.023
1074.219
1073.414
1072.609
1071.805
1070.999
1070.194
1069.389
1068.583
1067.777
1066.971
1066.165
1065.359
1064.552
1063.745
1062.938
1062.131
1061.324
1060.516
1059.709
1058.901
1058.093
1057.284
1056.476
1055.667
1054.858
1054.049
1053.24
1052.431
1051.621
1050.812
1050.002
1049.192
1048.381
1047.571
1046.76
1045.949
1045.138
1044.327
1043.516
1042.704
1041.892
1041.08
1040.268
1039.456
1038.643
1037.83
1037.017
1036.204
1035.391
1034.578
1033.764
1032.95
1032.136
1031.322
1030.508
1029.693
1028.878
1028.063
1027.248
1026.433
1025.617
1024.802
1023.986
1023.17
1022.353
1021.537
1020.72
1019.904
1019.087
1018.269
1017.452
1016.634
1015.817
1014.999
1014.181
1013.362
1012.544
1011.725
1010.906
1010.087
1009.268
1008.449
1007.629
1006.809
1005.989
1005.169
1004.349
1003.528
1002.708
1001.887
1001.066
1000.244
999.4228
998.6011
997.7793
996.9573
996.1351
995.3127
994.4901
993.6673
992.8444
992.0213
991.1979
990.3744
989.5507
988.7269
987.9028
987.0785
986.2541
985.4295
984.6047
983.7797
982.9545
982.1291
981.3036
980.4778
979.6519
978.8258
977.9995
977.173
976.3464
975.5195
974.6925
973.8652
973.0378
972.2102
971.3824
970.5545
969.7263
968.898
968.0694
967.2407
966.4118
965.5827
964.7535
963.924
963.0944
962.2645
961.4345
960.6043
959.7739
958.9434
958.1126
957.2817
956.4505
955.6192
954.7877
953.956
953.1241
952.2921
951.4598
950.6274
949.7948
948.962
948.129
947.2958
946.4624
945.6289
944.7951
943.9612
943.1271
942.2928
941.4583
940.6237
939.7888
938.9538
938.1186
937.2832
936.4476
935.6118
934.7758
933.9397
933.1033
932.2668
931.4301
930.5932
929.7561
928.9188
928.0814
927.2437
926.4059
925.5679
924.7297
923.8913
923.0527
922.214
921.375
920.5359
919.6966
918.8571
918.0174
917.1775
916.3375
915.4972
914.6568
913.8162
912.9754
912.1344
911.2932
910.4519
909.6103
908.7686
907.9267
907.0846
906.2423
905.3998
904.5571
903.7143
902.8712
902.028
901.1846
900.341
899.4972
898.6533
897.8091
896.9648
896.1203
895.2756
894.4307
893.5856
892.7403
891.8949
891.0492
890.2034
889.3574
888.5112
887.6648
886.8183
885.9715
885.1246
884.2774
883.4301
882.5826
881.7349
880.8871
880.039
879.1908
878.3423
877.4937
876.6449
875.7959
874.9468
874.0974
873.2479
872.3981
871.5482
870.6981
869.8478
868.9974
868.1467
867.2959
866.4448
865.5936
864.7422
863.8906
863.0388
862.1869
861.3347
860.4824
859.6299
858.7772
857.9243
857.0712
856.2179
855.3645
854.5109
853.657
852.803
851.9488
851.0945
850.2399
849.3851
848.5302
847.6751
846.8198
845.9643
845.1086
844.2527
843.3967
842.5404
841.684
840.8274
839.9706
839.1136
838.2565
837.3991
836.5416
835.6838
834.8259
833.9678
833.1095
832.2511
831.3924
830.5336
829.6745
828.8153
827.9559
827.0963
826.2366
825.3766
824.5165
823.6561
822.7956
821.9349
821.074
820.2129
819.3517
818.4902
817.6286
816.7668
815.9048
815.0426
814.1802
813.3177
812.4549
811.592
810.7289
809.8656
809.0021
808.1384
807.2745
806.4105
805.5462
804.6818
803.8172
802.9524
802.0874
801.2223
800.3569
799.4914
798.6256
797.7597
796.8936
796.0274
795.1609
794.2942
793.4274
792.5604
791.6932
790.8258
789.9582
789.0904
788.2225
787.3543
786.486
785.6175
784.7488
783.8799
783.0108
782.1416
781.2721
780.4025
779.5327
778.6627
777.7925
776.9221
776.0516
775.1808
774.3099
773.4388
772.5675
771.696
770.8243
769.9524
769.0804
768.2081
767.3357
766.4631
765.5903
764.7174
763.8442
762.9708
762.0973
761.2236
760.3497
759.4756
758.6013
757.7268
756.8522
755.9774
755.1023
754.2271
753.3517
752.4762
751.6004
750.7244
749.8483
748.972
748.0955
747.2188
746.3419
745.4648
744.5876
743.7101
742.8325
741.9547
741.0767
740.1985
739.3201
738.4416
737.5628
736.6839
735.8048
734.9255
734.046
733.1663
732.2865
731.4064
730.5262
729.6458
728.7652
727.8844
727.0034
726.1223
725.2409
724.3594
723.4777
722.5958
721.7137
720.8314
719.9489
719.0663
718.1834
717.3004
716.4172
715.5338
714.6503
713.7665
712.8825
711.9984
711.1141
710.2296
709.3449
708.46
707.5749
706.6897
705.8042
704.9186
704.0328
703.1468
702.2606
701.3743
700.4877
699.601
698.7141
697.8269
696.9396
696.0522
695.1645
694.2766
693.3886
692.5004
691.612
690.7234
689.8346
688.9456
688.0564
687.1671
686.2776
685.3879
684.498
683.6079
682.7176
681.8271
680.9365
680.0457
679.1546
678.2634
677.3721
676.4805
675.5887
674.6968
673.8046
672.9123
672.0198
671.1271
670.2342
669.3412
668.4479
667.5545
666.6609
665.7671
664.8731
663.9789
663.0845
662.19
661.2953
660.4003
659.5052
658.6099
657.7144
656.8188
655.9229
655.0269
654.1307
653.2343
652.3377
651.4409
650.5439
649.6468
648.7494
647.8519
646.9542
646.0563
645.1582
644.2599
643.3615
642.4628
641.564
640.665
639.7658
638.8664
637.9668
637.0671
636.1671
635.267
634.3667
633.4662
632.5655
631.6646
630.7636
629.8623
628.9609
628.0593
627.1575
626.2555
625.3533
624.4509
623.5484
622.6457
621.7427
620.8396
619.9363
619.0329
618.1292
617.2254
616.3213
615.4171
614.5127
613.6081
612.7033
611.7984
610.8932
609.9879
609.0823
608.1766
607.2707
606.3647
605.4584
604.5519
603.6453
602.7385
601.8315
600.9243
600.0169
599.1093
598.2016
597.2936
596.3855
595.4772
594.5687
593.66
592.7511
591.8421
590.9328
590.0234
589.1138
588.204
587.294
586.3838
585.4735
584.5629
583.6522
582.7413
581.8302
580.9189
580.0074
579.0957
578.1839
577.2719
576.3596
575.4472
574.5347
573.6219
572.7089
571.7958
570.8824
569.9689
569.0552
568.1413
567.2272
566.313
565.3985
564.4839
563.5691
562.6541
561.7389
560.8235
559.9079
558.9922
558.0762
557.1601
556.2438
555.3273
554.4106
553.4937
552.5767
551.6595
550.742
549.8244
548.9066
547.9886
547.0705
546.1521
545.2336
544.3148
543.3959
542.4768
541.5575
540.6381
539.7184
538.7986
537.8785
536.9583
536.0379
535.1173
534.1966
533.2756
532.3545
531.4331
530.5116
529.5899
528.668
527.7459
526.8237
525.9012
524.9786
524.0558
523.1328
522.2096
521.2862
520.3627
519.4389
518.515
517.5908
516.6665
515.742
514.8174
513.8925
512.9675
512.0422
511.1168
510.1912
509.2654
508.3394
507.4132
506.4869
505.5604
504.6336
503.7067
502.7796
501.8523
500.9249
499.9972
499.0694
498.1413
497.2131
496.2847
495.3562
494.4274
493.4984
492.5693
