3231.55 3012.04 2880.44 2867.65 2786.52 2777.47 2834.52
2807.2 2586.9 2467.56 2452 2380.84 2366.52 2416.68
3355.62 3137.26 3002.78 2992.76 2914.44 2910.29 2957.63
1974 1872 1841 1803 1771 1775 1857
2001.39 1885.81 1816.26 1816.27 1767.6 1752.92 1791.17
2211.24 2056.41 1971.28 1963.12 1909.62 1888.78 1922.05
1692.44 1507.31 1435.17 1424.02 1384.55 1373.1 1399.27
2058.65 1889.83 1810.09 1790.54 1746.96 1740.27 1765.66
1995.52 1855.46 1776.57 1758.44 1715.34 1706.45 1730.73
1950.8 1836.15 1764.43 1749.07 1709.68 1704.85 1730.06
1994.91 1912.94 1842.5 1831.84 1790.12 1783.79 1810.8
1773.11 1701.6 1641.32 1636.49 1600.18 1599.32 1625.37
2003.03 1922.32 1856.42 1851.29 1810.61 1812.54 1843.81
2408.5 2319.76 2248.93 2249.95 2208.66 2225.01 2224.84
1954.3 1872.16 1812.3 1815.23 1776.81 1779.63 1805.45
1784.16 1704.24 1649.19 1649.66 1615.31 1616.34 1647.56
1850.92 1764.84 1705.52 1702.51 1663.1 1663.52 1696.91
1772.05 1686.66 1629.79 1625.04 1588.26 1584.78 1616.69
2656.43 2502.74 2407.96 2395.95 2336.23 2325.56 2368.92
2944.64 2787.59 2679.71 2667.93 2602.68 2603.67 2643.84
1708.89 1623.08 1554.44 1544.24 1506.75 1517.61 1528.43
2095.69 1992.52 1910.29 1900.99 1859.54 1886.41 1896.68
1479.32 1399.04 1334.13 1323.51 1286.88 1293.92 1300.28
1571.55 1495.86 1429.42 1420.72 1387.47 1400.45 1409.55
1063.85 1007.7 964.51 957.93 934.17 939.73 942.58
1646.9 1573.12 1505.44 1498.97 1458.45 1461.89 1471.94
1345.86 1268.49 1214.15 1209.36 1175.04 1171.49 1182.35
1090.33 997.33 959.68 958.28 934.54 927.64 939.86
1162.51 1100.7 1063.93 1061.22 1038.45 1033.67 1049.22
983.41 938.83 907.11 903.89 881.84 871.26 883.74
826.22 791.44 765.09 763.92 746.54 743.28 753.3
1218.32 1162.67 1113.7 1101.22 1071.45 1061.07 1074.9
1295.24 1249.11 1202.18 1194.6 1164.99 1157.56 1173.17
1606.91 1588.15 1543.03 1544.57 1516.7 1520.23 1543.2
1096.89 1082.07 1050.52 1052.73 1026.76 1033.7 1045.35
1755.9 1741.17 1692.61 1699.56 1668.51 1678.83 1703.03
1101.14 1079.04 1052.5 1057.14 1036.02 1036.97 1052.58
1500 1463.26 1417.07 1424.18 1394.49 1401.29 1419.15
3199.9 3071.47 2983.29 2993.64 2926.49 2930.36 2962.22
2170.58 2112.16 2047.6 2056.09 2016.14 2037.54 2069.41
2944.8 2796.6 2711.43 2732.78 2681.64 2723.69 2772.57
2986.88 2846.84 2748.4 2753.8 2686.66 2706.93 2754.11
4079.74 3823.83 3680.11 3679.29 3573.18 3572.24 3638.86
4248.55 3957.35 3789.15 3767.52 3647.54 3627.92 3686.94
3722.76 3422.06 3271.59 3258.69 3160.92 3165.9 3217.38
4983.43 4520.72 4299.09 4256.76 4113.47 4092.61 4141.43
3292.84 2923.39 2755.86 2716.78 2620.17 2580.92 2623.99
4295.88 3956.97 3767.41 3719.76 3614.24 3576.62 3622.22
4016.01 3669.24 3487.87 3437.46 3332.79 3287.92 3330.28
3593.11 3280.43 3115.97 3071.56 2976.11 2931.32 2970.61
3608.52 3279.63 3127.52 3076.96 2973.76 2913.48 2955.71
3394.03 3085.26 2913.88 2859.75 2755.58 2682.44 2721.73
3057.89 2763.78 2614.25 2572.17 2480.11 2406.49 2441.42
3173.92 2898.24 2743.8 2702.6 2604.5 2522.09 2558.17
2462.14 2233.86 2116.5 2084.79 2012.03 1937.13 1954.96
3014.05 2784.25 2652.34 2624.34 2541.14 2474.61 2510.05
2153.25 1970.59 1875.75 1853.97 1792.42 1723.88 1751.53
1942.17 1757.7 1671.32 1649.1 1590.16 1524.37 1548.76
1765.83 1599.42 1510.52 1487.8 1441.18 1365.37 1386.98
1478.36 1353.2 1287.4 1271.14 1226.98 1175.57 1193.93
1406.52 1320.88 1263.38 1250.12 1210.44 1159.95 1168.77
1474.78 1292.88 1246.42 1250.55 1231.45 1239.88 1266.92
1505.72 1388.32 1337.15 1332.72 1307.72 1307.57 1329.18
1393.27 1305.91 1250.77 1236.88 1208.05 1195.32 1208.85
1476.43 1421.18 1364.77 1351.02 1318.78 1305.01 1321.34
1453.26 1420.61 1365.59 1354.24 1321 1304.42 1319.94
1548.96 1515.34 1457.95 1444.57 1408.1 1386.22 1403.15
1468.85 1430.4 1374.65 1358.45 1325.86 1305.13 1314.51
1760.68 1736.66 1672.3 1658.01 1624.2 1620.71 1633.06
1693.82 1674.67 1616.69 1606.47 1579.33 1580.9 1587.37
1588.21 1568.03 1527.03 1533.97 1514.23 1523.55 1536.1
1472.56 1424.7 1381.75 1389.01 1362.82 1366.29 1381.52
1627.24 1596.92 1547.74 1552.11 1519.41 1515.4 1527.47
1212.57 1187.75 1152.29 1155.11 1134.26 1141.68 1146.76
1585.08 1506.74 1433.84 1418.3 1379.7 1374.99 1379.44
1490.4 1407.87 1352.3 1360.96 1342.75 1379.97 1395.67
1484.75 1391.79 1338.39 1340.02 1284.49 1247.42 1265.65
1558.92 1455.29 1388 1376.83 1328.74 1303.05 1320.44
1479.48 1436.72 1392.5 1400.18 1366.2 1357.91 1369.16
1407.74 1362.92 1321.98 1344.42 1326.74 1348.45 1361.1
1529.22 1474.54 1427.24 1437.4 1410.51 1419.73 1427.16
1304.15 1251.56 1226.98 1283.35 1291.68 1426.4 1466.45
2606.33 2560.67 2465.73 2461.69 2345.34 2204.37 2199.96
1975.07 1903.71 1841.99 1856.42 1802.23 1775.08 1790.42
2220.19 2083.54 2001.92 2007.06 1951.72 1940.64 1946.65
1808.74 1728.94 1690.07 1738.76 1728.27 1785.39 1813.09
2982.46 2869.85 2770.45 2764.79 2691.09 2668.32 2716.41
5235.28 4893.46 4598.44 4496.97 4375.65 4376.18 4403.5
7406.66 6627.54 5986.49 5693.68 5485.29 5494.08 5572.28
4524.75 4354.07 4173.97 4155.76 4039.9 4075.68 4134
4377.7 4281.4 4157.54 4197.53 4113.26 4146.87 4212.68
4377.95 4370.51 4282.49 4350.52 4263.8 4298.66 4392.57
3466 3393.9 3277.67 3284.08 3182.58 3145.14 3195.31
1132.46 1052.38 1012.89 1045.52 1031.28 1014.33 1032.93
2434.9 2272.66 2192.03 2205.07 2157.2 2178.9 2210.27
392488 3247.44 3148.17 3151.34 3101.67 3125.95 3140.81
3060.34 2943.67 2826.34 2811.92 2756.41 2778.61 2827.44
1285.48 1241.8 1175.66 1136.94 1100.66 1104.48 1115.49
531.37 517.51 486.62 471.15 455.07 448.94 440.46
416.25 403.3 385.83 381.53 367.36 351.63 352.37
510.81 507.47 497.5 501.27 491.07 491.74 499.77
519.17 508.49 496.07 498.01 487.14 485.14 491.88
791.79 749.91 723.09 725.31 713.19 723.42 735.08
1078.54 1023.55 984.51 985.43 963.47 969.51 987.31
789.24 711.59 658.4 633.68 609.99 604.11 616.4
736.74 721.2 702.61 702.13 685.05 684.8 688.21
1158.5 1120.18 1086.73 1094.47 1072.5 1084.27 1101.96
1727.6 1670.31 1623.76 1631.12 1591.45 1589.28 1617.31
2482.22 2408.99 2347.94 2360.69 2303.21 2305.06 2346.15
4092.61 3825.1 3672.85 3655.79 3540.23 3514.92 3567.89
6087.1 5671.07 5452.58 5433.6 5264.49 5257.32 5339.33
6315.95 5920.26 5707.69 5691.76 5504.86 5475.78 5559.99
6080.22 5670.69 5441.26 5409.62 5219.01 5185.81 5261.51
3079.04 2934.62 2831.13 2820.87 2766.88 2778.47 2814.72
3352.66 3284.36 3183.76 3177.33 3117.51 3137.67 3180.97
3371.79 3323.86 3217.17 3200.23 3131.26 3136.1 3172.52
2674.49 2622.07 2537.53 2521.25 2470.62 2489.79 2510.42
2680.45 2636.91 2554.3 2543.7 2493.56 2530.99 2543.35
2963.96 2880.02 2776.76 2758.54 2696.46 2732.67 2739.54
2697.66 2562.66 2448.34 2424.08 2354.14 2377 2378.1
2778.47 2623.45 2513.62 2499.96 2424.39 2444.01 2446.52
2291.19 2155.44 2071.41 2068.42 2003.78 2017.68 2023.36
2459.52 2297.25 2202.91 2196.26 2125.31 2134.79 2141.94
1827.84 1682.31 1607.26 1587.59 1538.68 1536.18 1536.04
2174.54 1976.07 1868.63 1843.69 1775.86 1779.25 1773.54
2134.43 1922.33 1809.08 1779.6 1711.22 1719.22 1714.85
1650.13 1425.17 1336.4 1313.67 1245.14 1219.02 1229.72
1792.04 1606.75 1531.79 1520.79 1462.19 1448.46 1459.62
1484.37 1304.57 1219.85 1189.61 1137.45 1115.94 1112.29
1053.37 914.89 852.15 823.03 788.17 777.02 767.63
1153.98 1009.7 948.45 925.96 898.37 895.44 903.6
1549.21 1400.89 1336.1 1321.91 1289.9 1300.07 1320.88
1701.76 1586.49 1532.11 1529.48 1493.63 1493.22 1525.41
2045.31 1967.28 1903.74 1898.47 1865.13 1881.24 1908.94
1549.14 1510.78 1458.38 1449 1423.57 1428.4 1437.6
1347.83 1304.17 1259.73 1257.48 1229.46 1236.53 1251.58
1047.74 1019.62 989.46 992.51 968.48 969.18 984.66
845.59 822.86 799.23 802.66 783.24 778.33 788.34
989.12 950.45 926.43 933.62 911.74 911.15 933.61
2088.44 2065.28 2009.67 2016.1 1965.13 1964.69 2002.68
810.23 778.61 759.47 766.69 747.72 748.02 766.97
973.77 936.13 918.11 932.02 914.35 926.26 952.3
896.23 846.71 830.59 837.51 820.82 826.7 851.73
800.69 761.97 742.29 746.87 732 731.49 742.98
1220.28 1172.88 1145.34 1150.88 1129.22 1139.29 1160.92
1041.41 990.62 967.16 971.4 951.64 956.33 977.55
779.33 729.59 711.99 713.82 695.96 690.5 707.18
704.7 670.84 650.62 653.39 639.98 639.58 645.45
440 417.27 405.21 403.8 394.96 391.7 397.32
212.6 191.86 182.36 176.86 168.99 158.78 160.33
226.58 202.7 195.45 193.81 188.64 182.2 185.89
252.49 234.76 226.92 227.13 221.87 219.94 223.26
347.94 318.73 310.09 309.95 303.79 300.7 305.84
1256.95 1224.13 1213.6 1228.77 1203.13 1195.04 1229.07
2008.47 1931.46 1884.4 1884.22 1826.09 1783.69 1811.87
694.9 648.85 636.46 640.19 626.22 622.23 634.7
1182.17 1088.07 1052.52 1050.34 1021.86 1007.51 1029.9
1927.14 1776.8 1715.92 1706.6 1653.22 1617.7 1652.16
2352.82 2120.07 2014.59 1975.94 1892.86 1828.74 1864.29
1552.33 1406.04 1339.55 1312.41 1263.08 1224.93 1250.8
2390.58 2011.95 1836.97 1732.43 1628.88 1554.93 1587.23
3931.26 3279.96 2969.47 2788.27 2626.69 2518.31 2572.26
1926.06 1606.24 1450.91 1368.63 1297.92 1261.95 1289.23
2254.78 1947.66 1778.49 1678.63 1615.45 1600.45 1617.78
2690.76 2303.9 2099.31 1984.28 1894.71 1863.88 1892.2
2529.19 2199.95 2003.57 1882.97 1794.94 1773.3 1804.29
2645.61 2388.33 2213.65 2124.68 2041.73 2016.88 2053.01
2786.16 2507.52 2318.32 2218.9 2130.73 2105.84 2142.15
2463.94 2387.31 2318.55 2308.51 2252.35 2227.61 2268.11
1500.14 1418.68 1366.1 1355.37 1318.63 1303.97 1323.98
1719.36 1634.14 1580.66 1568.34 1531.23 1532.68 1564.03
1314.1 1265.37 1233.49 1229.73 1200.94 1185.07 1206.13
1666.4 1569.65 1513.39 1495.16 1449.57 1423.56 1446.46
1414.82 1291.87 1227.49 5965.99 1160.47 1140.07 1153.27
1733.78 1627.22 1569.34 1552.92 1507.94 1482.52 1499.78
1845.19 1688.03 1610.08 1578.78 1523.95 1484.37 1507.26
1675.97 1533.04 1462.3 1434.19 1387.55 1354.76 1375.31
1806.82 1507.02 1378.18 1293.7 1219.63 1164.31 1173.69
1561.64 1388.71 1317.23 1282.76 1236.51 1204.38 1218.99
1272.24 1171.13 1129.98 1113.98 1077.52 1052.14 1065.37
1136.88 1050.84 1012.69 994.07 963.95 930.8 944
1321.27 1209.37 1164.91 1145.44 1108.81 1082.45 1091.45
1501.81 1353.53 1291.69 1264.25 1217.19 1178.55 1192.53
1725.24 1223.25 1031.59 911.41 844.28 808.87 813.33
1797 1446.21 1304.92 1227.23 1167.61 1129.08 1144.3
1705.01 1536.2 1475.53 1453.76 1400.49 1376.92 1398.82
87727.8 841.42 805.94 800.93 783.59 780.03 785.71
1456.53 1396.19 1351.81 1345.05 1316.34 1315.96 1337.86
610.24 539.71 516.45 511.03 498.96 495.53 501.56
722.99 667.37 642.79 637.31 624.58 624.29 634.22
490.88 449.85 431.28 426.19 415.64 414.35 418.4
450.31 422.26 406.47 403.94 396.44 396.29 400.9
443.01 422.35 408.65 407.31 399.75 400.62 407.74
428.6 405.99 391.2 386.93 378.74 376.46 381.2
430.43 412.79 399.1 396.56 391.05 391.11 397.77
479.53 441.02 423.12 419.09 409.95 415.34 424.16
500.63 469.17 450.92 448.77 441.31 446.4 455.93
727.16 691.82 666.87 663.68 651.01 656.16 667.11
566.58 553.13 536.47 535.97 529.38 540.32 550.04
789.95 762.94 738 734.73 720.72 723.52 735.78
1092.42 1055.28 1018.1 1011.22 993.36 1001.68 1017.5
1015.56 977.16 947.72 942.9 926.31 937.27 954.23
1119.26 1077.65 1046.3 1044.58 1023.31 1034.16 1053.64
1263.47 1209.8 1174.68 1164.93 1149.61 1158.27 1180.59
1460.75 1389.12 1348.29 1343 1317.67 1329.89 1353.35
2101.66 1987.38 1927.62 1921.05 1879.89 1892.51 1927.56
2938.99 2738.4 2647.32 2630.46 2571.75 2587.62 2618.88
3534.21 3269.44 3163.79 3145.01 3069.88 3084.94 3142.07
3117.12 2832.76 2710.9 2666.43 2588.56 2586.02 2630.79
2799.79 2533.12 2429.04 2391.71 2324.91 2331.77 2374.05
3500.03 3192.23 3078.08 3051.57 2984.73 3035.78 3100.23
2230.96 1957.98 1843.23 1791.79 1734.72 1745.63 1773.17
1606.06 1427.87 1350.25 1318.98 1282.12 1302.97 1317.94
1688.81 1474.43 1386.25 1343.48 1296.55 1309.81 1315.23
1335.99 1161.19 1085.47 1048.67 1008.96 1009 1016.16
1423.98 1251.98 1175.6 1141.59 1096.52 1098.08 1105.23
1738.82 1548.09 1473.23 1449.83 1403.31 1400.14 1408.87
1210.28 1088.36 1042.39 1033.37 1004.21 1006.84 1021.61
1319.83 1218.35 1171.52 1165.23 1142.18 1143.82 1160.8
2087.46 1987.58 1908.45 1895.56 1854.6 1850.57 1873.87
2419.61 2350.47 2269.74 2256.88 2206.01 2194.45 2220.24
1983.83 1927.55 1858.85 1847.26 1807.38 1799.22 1820.51
1288.52 1238.56 1193.42 1185.65 1159.31 1158.83 1173.14
2739.32 2674.05 2582.62 2574.07 2518.69 2521.37 2555.13
2078.89 2020.37 1956.55 1953.52 1912.38 1916.9 1943.24
1771.51 1718.05 1669.77 1672.91 1640.09 1648.99 1674.31
1845 1786.12 1736.86 1744.01 1711.61 1728.58 1757.08
1906.44 1818.29 1764.92 1766.83 1730.48 1744.8 1771.67
2302.84 2213.8 2145.41 2147.03 2096.16 2100.72 2133.98
2294.52 2186.19 2118.52 2120.68 2071.44 2082.2 2115.1
1748.66 1652.6 1603.92 1609.43 1574.94 1586.01 1606.07
1324.33 1272.18 1236.05 1238.77 1209.44 1212.94 1231.39
1182.45 1111.31 1073.14 1070.58 1040.6 1025.29 1039.97
1788.97 1668.8 1611.61 1611.22 1568.03 1565.9 1590.93
1402.34 1305.94 1263.57 1262.11 1229.2 1223.74 1243.83
2077.24 1927.7 1852.97 1845.42 1787.66 1774.75 1804.36
1144.51 1024.16 983.54 974.34 944.02 930.88 944.09
1143.19 1021.17 963.97 945.53 908.21 890.22 947.81
1202.12 1045.29 982.27 959.11 920.11 902.77 917.21
1020.17 911.47 866.75 852.89 821.56 807.26 819.16
1330.29 1194.55 1141.46 1132.62 1097.23 1093.82 1114.81
1347.24 1217.77 1168.61 1161.6 1128.43 1131.37 1152.38
1445.78 1338.76 1287.76 1285.93 1250.23 1257.92 1285.14
1103.5 992.1 963.44 965.15 939.99 948.78 972.08
1127.37 971.48 934.99 930.67 914.47 918.44 936.6
1085.83 968.67 926.32 918.57 897.36 901.98 916.56
1238.37 1157.06 1110.36 1098.56 1074.22 1069.29 1086.44
1213.01 1158.76 1114.47 1107.49 1083.12 1081.7 1097.38
1646.73 1615.09 1558.25 1545.56 1509.23 1498.04 1517.72
1422.9 1397.89 1347.53 1337.13 1304.26 1295.78 1313.09
2139.29 2100.72 2022.92 2006.61 1957.78 1950.37 1979.74
3742.47 3686.84 3555.29 3535.86 3447.16 3441.47 3486.82
3917.22 3799.42 3671.84 3664.74 3579.52 3598.11 3665.49
5595.12 5331.3 5122.8 5098.29 4952.37 4932.96 4994.98
4903.7 4625.75 4442.33 4429.36 4304.35 4308.27 4385.04
4788.27 4488.88 4297.67 4278.19 4155.57 4159.25 4232.32
3719.83 3500.88 3371.78 3375.97 3285.86 3293.41 3348.87
3199.84 3020.11 2918.5 2930.01 2862.41 2872.63 2918.24
3480.61 3258.32 3142.56 3150.58 3069.91 3077.04 3122.59
3566.86 3412.3 3284.67 3258.93 3190.17 3199.73 3252.25
3269.69 3083.9 2936.36 2888.79 2824.5 2847.96 2850.78
2059.9 1974.67 1898.1 1880.36 1843.6 1856.46 1870.29
1702.66 1648.78 1594.42 1588.88 1557.05 1570.44 1586.15
2288.41 2231.42 2162.25 2161.65 2124.69 2154.21 2172.97
2233.29 2139.05 2059.18 2050.83 2005.23 2020.38 2040.54
1529.05 1453.39 1395.59 1390.62 1356.14 1359.01 1371.92
1567.1 1502.83 1451.04 1448.08 1413.21 1414.46 1422.12
1548.28 1487.07 1440.53 1442.82 1413.21 1427.84 1445.03
2102.3 2040.38 1989.4 2006.94 1977.03 2032.86 2064.48
2557.13 2459.69 2395.32 2409.8 2370.45 2423.55 2455.59
2091.39 1970.83 1896.07 1887.29 1832.24 1824.34 1841.7
1563.86 1456.54 1397.82 1386.74 1342.22 1328.22 1335
1620.39 1499.32 1436.19 1425.4 1377.66 1359.96 1366.76
1571.49 1448.52 1387.59 5580.37 1331.3 1317.18 1321.43
1034.5 943.88 898.18 886.52 854.93 836.53 840.77
1317.66 1178.45 1141.03 1127 1082.99 1057.88 1062.82
1964.17 1802.04 1719.11 1703.81 1641.09 1611.98 1622.32
3553.42 3402.41 3299.74 3335.65 3254.11 3317.05 3359.33
1412.58 1288.8 1235.65 1226.44 1183.83 1158.61 1168.79
1398.37 1271.13 1216.12 1205.9 1161.99 1135.06 1144.1
1419.99 1277.38 1224.45 1214.75 1171.52 1147.43 1161.63
1337.92 1170.91 1111.27 1101.3 1070.41 1063.31 1084.19
1681.4 1524.81 1454.41 1438.32 1402.34 1398.91 1420.8
1835.79 1690.24 1610.8 1590.09 1545.69 1528.92 1539.66
1329.47 1228.05 1179.45 1171.12 1145.48 1144.12 1157.27
1116.15 1029.66 986.64 976.7 954.04 955.58 969.24
1111.87 1041.71 998.78 990.53 965.45 962.16 977.42
1009.68 952.02 916.68 910.67 890.17 891.2 906
1050.84 985.53 949.46 946.61 929.23 945.5 963.98
1086.17 1017.2 976.95 969.83 946.49 954.45 972.54
915.33 880.47 852.07 846.33 824.55 819.22 828.97
940.83 898.73 867.96 860.41 844.3 839.79 851.97
1039.97 983.26 951.51 947.86 922.94 918.21 914.5
1006.19 935.37 901.83 898.16 873.13 865.43 876.36
890.27 835.61 808.21 803.35 781.78 774.34 784.92
941.92 875.3 842.68 840.12 816.91 811.49 823.64
1022.27 949.15 915.65 908.66 885.71 882.04 892.97
1050.71 962.12 924.64 919.39 890.86 885.11 893.26
1376.39 1266.39 1222.8 1219.72 1188.97 1192.24 1206.44
1397.58 1274.6 1227.16 1221.13 1185.06 1178.1 1196.01
1819.52 1644.9 1580.83 1570.81 1521.83 1509.55 1531.6
2672.87 2425.54 2328.8 2309.19 2230.41 2196.35 2225.87
2557.59 2265.07 2157.37 2131.38 2057.6 2042.62 2074.95
3264.85 2849.62 2688.82 2632.67 2530.31 2504.63 2545.45
2774.69 2439.95 2317.03 2276.75 2186.03 2152.43 2184.52
2041.01 1810.46 1727.07 1707.92 1645.55 1630.96 1653.68
2399.8 2129.94 2028.17 1998.56 1921.92 1895.86 1919.39
2154 1923.39 1830.19 1803.16 1740.29 1731.97 1739.74
1925.94 1751.6 1676.14 1661.32 1609.91 1604.86 1625.06
1843.64 1716.42 1645.58 1629.49 1597.54 1609.89 1631.82
2176.96 2066.78 1981.58 1963.62 1923.02 1931.25 1957.92
1539.16 1445.3 1379.86 1376.51 1348.36 1360.21 1371.16
1599.48 1513.06 1453.15 1440.52 1407.6 1410.98 1430.82
1875.69 1789.49 1717.96 1704.55 1663.73 1665.75 1689.1
1867.79 1790.86 1724.3 1717.39 1677.93 1687.52 1706.94
2223.47 2131.8 2049.37 2036.55 1982.09 1970.09 1995.96
1622.18 1552.06 1496.54 1489.06 1441.59 1438.87 1456.14
1713.8 1635.68 1577.39 1570.98 1529.03 1523.31 1543.87
1515.69 1430.16 1378.71 1373.49 1337.03 1334.85 1354.72
1707.1 1616.07 1561.19 1559.88 1522.24 1530.36 1555.59
1255.88 1184.41 1143.43 1142.04 1114.34 1119.29 1139.33
1569.89 1457.93 1422.52 1417.97 1378.21 1372.6 1392.51
1394.21 1303.4 1254.45 1246.59 1207.94 1200.72 1213.46
1138.95 1055.42 1010.36 999.76 966.93 952.46 964.78
1300.73 1214.34 1170.91 1167.12 1133.52 1131.23 1149.48
1339.64 1227.71 1180.35 1173.57 1138.7 1136.04 1153.11
1701.48 1561.22 1498.26 1484.53 1432.36 1413.87 1429.45
1029.99 944.2 910.02 904.48 873.74 858.21 869.35
1177.33 1077.22 1039.37 1033.76 1000.97 983.92 999.61
884.23 799.84 768.9 762.62 734.67 720.31 728.66
831.09 748.4 716.16 710.02 682.55 666.35 675.63
1073.03 962.48 922 912.94 877.89 854.21 868.68
799.46 706.46 675.54 668.29 633.49 612.67 619.3
643.99 576.62 554.36 548.63 528.84 511.08 519.13
593.48 537 516.53 512.74 494.79 483.33 490.68
579.98 526.99 512.08 510.46 496.46 493.71 501.54
640.22 587.61 570.95 572.63 555.68 549.96 561.09
521.09 479.85 466.41 465.31 455.16 453.13 462.81
508.79 472.1 460.34 457.96 444.26 438.41 444.39
571.42 530.87 514.76 514.42 499.49 491.96 498.57
517.46 484.23 474.98 475.21 459.97 456.07 462.24
728.34 679.73 654.97 654.72 635.05 627.36 636.18
481.07 450.94 437.86 437.48 424.67 418.89 425.14
413.68 392.39 385.2 385.56 376.65 371.37 376.4
480.54 457.56 447.29 448.8 437.03 434.37 441.28
461.6 444.09 435.3 438.06 429.56 429.76 436.22
623.63 567 554.79 558.05 540.94 538.29 550.06
863.64 750.42 725.59 725.38 712.8 719.41 733.08
741.53 649.73 623.35 618.16 608.2 614.76 624.28
835.13 743.97 706.03 694.27 679.61 685.69 696.73
1139.33 1058.38 1006.36 991.73 969.05 972.59 986.09
940.31 873.59 829.3 806.91 790.1 784.21 794.45
1158.6 1119 1073.32 1060.6 1034.79 1031.48 1046.12
1129.7 1095.05 1050.88 1036.91 1011.99 1005.73 1018.62
1351.15 1320.61 1268.46 1253.93 1224.32 1218.91 1233.84
1096.89 1066.65 1021.91 1008.63 984.75 985.86 996.58
894.34 871.04 838.16 827.05 810.82 813.58 819.96
1139.94 1111.6 1069.53 1058.74 1033.76 1035.45 1043.31
1128.35 1090.7 1051.23 1033.68 1011.68 1006.12 1002.7
1297.13 1252.24 1206.13 1198.65 1165.41 1157.77 1170.68
1275.83 1237.52 1201.04 1203.59 1177.22 1183.62 1201.58
1019.16 982.19 950.66 949.39 924.02 919.33 932.33
1003.79 957.47 924.57 920.76 894.44 882.59 894.58
1146.86 1099.13 1064.94 1066.97 1038.31 1033.11 1043.93
1032.42 988.63 959.81 960.53 932.37 930.91 943.03
1167.39 1116.09 1083.22 1085.46 1056.94 1051.52 1065.79
1337.77 1272.85 1234.83 1238.41 1208.94 1208.54 1227.17
1055.68 1000.67 965.17 965.33 937.81 932.33 945.4
1011.22 950.68 917.31 914.85 884.73 874.53 886.31
756.77 699.57 670.81 667.97 646.57 636.9 645.45
1482.22 1372.47 1316.24 1310.79 1267.72 1256.25 1277.51
975.14 910.77 873.41 867.99 841.41 830.45 841.35
848.62 781.49 746.02 743.54 716.72 706.75 717.2
1269.77 1166.7 1118.21 1105.22 1063.97 1041.56 1056.43
975.96 869.43 817.92 801.39 770.3 749.05 759.21
633.65 538.78 496.86 479.85 456.16 444.12 449.19
1452.55 1359.24 1307.01 1295.61 1242.04 1190.53 1201.96
1028.46 949.08 908.78 899.33 863.51 831.36 836.43
820.94 740.27 705.85 695.71 665.15 639.17 645.77
1006.07 927.22 886.78 875.53 838.72 801.14 808.04
1015.86 940.82 900.94 894.17 854.56 815.94 823.98
699.07 627.24 599.24 591.38 569.14 550.5 557.73
1061.63 959.25 914.76 904.37 868.32 842.58 852.63
710.4 621.38 588.46 578.99 553.12 529.92 536.74
655.14 575.53 544.97 535.08 512.16 491.82 496.96
637.19 562.74 534.99 525.73 503.71 482.94 487.83
652.68 583.2 553.38 547.36 523.75 501.04 507.59
724.41 647.71 613.76 610.36 583.15 559.1 567.85
533.8 475.69 452.07 444.5 426.59 411.98 413.54
1271.12 3823.58 1105.48 1099.68 1057.67 1026.63 1041.55
589.07 480.5 456.83 451.7 438.15 430.01 437.29
519.82 430.14 408.52 399.85 389.23 384.24 389.53
472.11 397.18 375.93 368.64 357.64 353.1 356.02
685.56 624.61 594.59 585.46 569.79 563.42 570.29
437.31 388.21 368.76 363.44 353.43 347.98 353.21
577.39 537.71 514.16 508.72 496.15 492.37 499.36
429.11 395.54 379.24 374.97 365.49 360.09 364.44
429 404.3 387.42 381.45 372.7 369.26 374.44
522.21 502.5 482.18 477.91 467.38 463.93 470.21
423.02 405.73 388.59 384.29 374.44 368.24 369.56
349.26 336.45 321.95 318.33 310.52 306.39 310.2
755.32 740.9 709.16 698.7 677.51 664.9 671.58
409.28 405.47 390.83 386.44 378.9 377.82 381.79
269.3 265.06 253.15 250.29 244.58 243.54 245.32
459.86 459.44 443.17 439.8 432.29 435.81 441.34
350.83 347.21 333.01 329.09 321.8 323.97 326.87
366.95 362.4 348.49 345.28 338.54 339.76 342.47
365.44 361.26 345.99 341.95 334.38 333.21 336.93
605.77 595.04 571.9 565.57 549.97 542.4 554.32
747.24 736.15 706.57 699.36 676.15 661.47 666.54
832.37 757.14 696.27 645.77 615.14 612.21 622.19
458.42 443.52 423.62 419.75 408.03 400.36 406.16
528.07 513.25 495.88 492.85 481.61 480.8 482.61
1075.49 786.46 625.83 524.95 479.99 464.01 469.49
928.65 738.89 631.28 566.4 531.5 520.66 527.28
1007.94 972.13 934.11 927.75 902.85 894.17 904.14
504.87 471.05 452.68 446.98 435.71 427.83 426.18
459.34 432.98 416.01 411.97 400.43 399.72 403.34
451.45 405.41 379.34 368.83 356.43 348.21 351.67
628.7 538.78 505.03 496.53 480.81 472.04 475.94
671.44 593.17 561.14 552.78 534.35 523.98 528.86
522.4 491.97 472.38 466.19 451.53 443.8 448.57
815.6 771.1 739.56 736.96 717.94 709.41 717.4
580.23 541.93 521.88 518.01 502.27 496.56 498.48
809.91 756.23 726.34 721.58 701.49 689.68 699.89
616.08 557.52 532.39 525.15 507.66 495.22 500.36
789.01 710.49 677.88 668.59 646.59 632.99 640.68
689.89 613.05 582.53 571.07 552.79 540.83 546.73
654.63 588.7 562.79 555.43 535.92 526.87 530.59
188.16 134.1 128.59 135.56 139.71 80.71 110.81
283.42 202.27 194.65 209.01 188.96 176.06 202.65
246.6 179.28 171.01 168.58 163.13 164.56 163.27
245.18 199.41 188.92 183.72 180.79 182.16 183.22
429.66 395.78 377.54 373.47 366.39 368.07 372.73
485.71 453.78 435.93 432.02 424.72 428.23 424.6
448.57 414.23 396.68 392.51 384.26 384 388.55
379.68 351.95 336.49 333.57 325.7 326.14 330.18
427.65 400.15 383.45 379.11 370.07 369.09 374.61
452.14 433.17 415.77 411.87 403.55 401.37 407.26
391.9 377.59 362.65 361.48 352.78 355.43 356.77
476.51 460.64 444.12 440.17 431.95 430.79 436.76
331.17 324.72 312.12 309.99 302.41 301.72 305.31
664.79 651.68 630.29 626.37 614.84 616.75 625.59
809.56 788.28 758.82 756.22 741.21 744.75 750.97
914.58 887.9 856.4 851.35 834.61 835.56 848.14
1389.2 1358.3 1308.82 1299.31 1273.52 1270.04 1286.39
2788.76 2730.7 2647.93 2646.38 2593.01 2598.94 2635.53
8945.44 7926.22 7472.4 7344.82 7075.15 6892.36 6949.83
5852 5166.25 4868.44 4791.97 4615.37 4512.79 4558.5
5109.88 4698.93 4495.46 4464.73 4324.32 4280.4 4319.58
3825.63 3521.12 3377.25 3355.86 3250.8 3226.9 3266.21
9259.93 8464.71 8057.3 7965.11 7673.41 7535.24 7621.27
4023.27 3781.41 3611 3574.63 3454.54 3408.18 3454.32
2403.56 2297.74 2206.12 2184.93 2137.62 2143.77 2180.85
3455.02 2836.99 2471.08 2256.93 2132.36 2095.08 2125.19
2119.87 1966.28 1851.3 1802.35 1748.87 1742.87 1765.03
1679.61 1481.93 1330.4 1247.6 1194 1188.21 1206.82
2510.78 2194.29 1994.38 1887.16 1804.04 1779.16 1802.73
1047.73 1010.13 973.45 966.9 943.47 947.13 960.43
966.16 912.4 866.03 838.68 809.62 807.08 818.03
2912.58 2825.34 2716.54 2701.68 2631.21 2613.53 2647.64
1564.98 1516.48 1459.99 1455.07 1418.19 1412.93 1431.87
1250.64 1207.22 1161.41 1155.78 1124.27 1112.53 1129.71
1803.02 1722.33 1654.74 1644.47 1601.78 1592.5 1701.15
1511.53 1448.96 1394.9 1391.83 1350.7 1339.54 1357.99
1480.44 1404.6 1349.35 1340.71 1301.26 1283.46 1301.29
1634.9 1548.07 1486.01 1476.69 1433.81 1415.01 1433.53
2509.3 2336.24 2220.05 2194.12 2122.11 2086.43 2113.19
1867.55 1749.72 1666.62 1641.27 1586.02 1564.93 1587.04
1051.17 910.9 831.75 781.84 730.15 706.69 714.37
1643.59 1240.63 1057.21 954.43 882.82 844.48 857.17
1229.77 1090.25 1012.36 981.97 934.44 905.13 914.12
1458.17 1315.77 1228.95 1190.52 1138.9 1101.44 1116.38
1731.88 1517.65 1401.49 1316.28 1223.35 1147.61 1156.98
1430.6 1262.13 1159.56 1086.31 1005.04 936.63 938.63
1876.86 1539.22 1411.76 1321.11 1228.49 1149.66 1153.1
1580.06 1413.16 1316.06 1253.83 1179.68 1130.54 1145.19
826.9 735.48 673.82 629.92 594.49 569.3 578.05
469.45 371.25 356.78 358.64 347.06 346.22 355.88
515.17 412.14 387.53 377.12 365.03 361.68 368.85
587.89 510.09 483.69 475.4 463.36 463.36 469.83
375.25 323.05 305.87 300.9 292.39 291.32 294.21
489.78 451.44 430.93 427.02 417.7 419.51 427.19
407.5 374.17 357.46 352.02 344.07 345.12 350.16
777.39 652.9 570.12 523.17 495.58 492.79 501.88
1534.41 1345.92 1216.13 1149.04 1100.86 1095.44 1112.45
1771.5 1537.72 1362.45 1267.22 1210.64 1202.93 1223.43
1305.53 1148.7 1036.52 983.12 947.49 945.34 962.11
1453 1296.44 1173.08 1110.63 1067.17 1061.05 1076.45
904.71 862.02 814.56 799.49 778.96 781.08 794.7
1044.93 1020.05 982.69 977.4 954.86 956.86 972.55
1227.11 1194.66 1151.64 1144.71 1118.95 1125.17 1142.57
1928.47 1890.11 1829.5 1829.36 1791.66 1804.23 1827.22
2941.7 2842.09 2737.66 2732 2663.43 2658.49 2699.13
3924.46 3652.05 3438.24 3370.69 3264.38 3254.53 3309.27
6996 6303.62 5834.74 5651.54 5428.42 5394.21 5475.17
11668.3 9061.46 7714.05 6980.52 6442.66 6262.77 6384.08
6798.68 5451.7 4748.15 4379.77 4120.37 4057.2 4131.3
5228.62 4201.36 3626.93 3289.1 3086.27 3045.11 3100
1682.84 1583.05 1509.56 1487.27 1453.24 1463.83 1485.99
1231.81 1155.21 1103.03 1084.76 1055.97 1063.72 1080.53
1274.72 1223.27 1177.29 1166.19 1140.72 1150.84 1167.49
2160.02 2127.01 2058.21 2056.92 2019.36 2046.95 2077.01
4331.37 3918.24 3636.19 3528.93 3406.49 3390.56 3431.39
3127.23 2421.67 2035.95 1827.56 1708.97 1686.12 1714.69
1885.61 1697.35 1565.67 1511.11 1455.49 1445.63 1460.39
1755.65 1627.86 1524.6 1488.2 1431.77 1417.3 1432.22
3856.12 3389.75 3122.44 3022.32 2898.74 2858.35 2894.96
2491.05 2117.64 1935.33 1865.95 1790.91 1768.91 1791.07
3525.22 3061.79 2826.73 2744.66 2640.25 2605.42 2639.08
4081.05 3699.03 3471.82 3418.51 3305.71 3263.65 3284.95
1925.5 1604.48 1437.09 1361.03 11043.5 1283.07 1292.72
1509.96 1351.55 1264.96 1234.06 1189.21 1176.2 1193.58
1735.12 1563.91 1482.38 1454.61 1412.85 1407.2 1433.71
1755.86 1651.05 1579.77 1561.63 1522.41 1520.07 1518.73
1743.05 1681.14 1622.53 1616.15 1584.63 1593.41 1616.88
1371.33 1314.53 1266.88 1259.31 1227.77 1239.77 1250.87
1925.67 1876 1809.8 1802.69 1762.34 1760.26 1785.02
1599.08 1550.87 1496.27 1493.77 1463.67 1471.05 1493.03
2222.27 2147.16 2105.17 2105.19 2061.13 2071.87 2103.45
1666.04 1593.04 1536.64 1535.79 1500.87 1497.37 1520.66
1617.08 1544.88 1492.48 1492.99 1459.34 1459.34 1482.66
1698.57 1588.94 1528.53 1524.92 1483.84 1475.13 1495.27
2313.48 2160.41 2077.55 2072.26 2016.1 1998.4 2026.63
1865.32 1710.99 1643.18 1640.48 1593.93 1583.23 1605.64
1783.27 1618.88 1550.38 1542.58 1498.72 1485.16 1504.62
2256.56 2077.46 1993.62 1991.52 1932.18 1915.45 1943.69
2063.89 1898.35 1827.87 1829.33 1777.59 1765.46 1792.73
2560 2335.2 2243.72 2237.26 2177.97 2162.26 2192.09
1839.57 1693.21 1634.69 1639.86 1595.15 1588.67 1612.74
1787.33 1630.04 1572.98 1567.67 1531.96 1520.23 1544.6
1375.76 1269.79 1230.03 1231.69 1199.77 1194.83 1205.47
1948.38 1806.52 1747.65 1759.81 1715.89 1719.13 1748.74
2170.58 1997.43 1931.84 1939.98 1888.8 1886.58 1906.9
1962.27 1806.93 1751.63 1760.7 1713.63 1709.63 1739.5
2133.59 1963.88 1905 1918.03 1865.26 1865.44 1892.08
2139.28 1991.45 1927.79 1934.46 1889.4 1901.29 1935.17
3633.92 3487.61 3387.04 3384.84 3318.96 3357.21 3389.57
5067.11 4936.71 4809.36 4818.83 4729.8 4796.21 4845.16
5525.07 5416.17 5288.95 5317.92 5221.71 5300.9 5396.79
5625.51 5512.67 5376.48 5412.24 5313.77 5381.65 5487.78
6051.12 5922.6 5753.3 5787.18 5669.92 5720.85 5836.43
8199.74 8024.59 7752.34 7781.25 7612.45 7647.62 7817.7
6888.68 6831.25 6605.89 6644.68 6521.39 6575.48 6736.72
5520.09 5471.75 5312.55 5340.02 5259.34 5333.11 5451.6
5204.99 5151.74 5023.91 5041.5 4979.13 5068.95 5156.59
4738.1 4481.63 4318.74 4306.02 4213 4242.38 4301.03
3499.14 3297.81 3169.24 3157.1 3110.41 3189.59 3247.5
2075 2020 1997 1987 1995 2047 2095
2136.87 2112.25 2051.95 2066.16 2044.47 2128.87 2153.7
1728.9 1713.49 1662.93 1679.51 1660.78 1727.97 1751.67
3676.45 3637.56 3538.05 3577.02 3558.94 3702.44 3785.14
3288.98 3226.91 3127.44 3168.89 3125.34 3248.63 3310.03
2506.56 2440.49 2368.8 2399.59 2356.61 2415.39 2474.49
2228.18 2152.54 2085.08 2111.39 2074.09 2110.42 2157.22
1956.72 1883.39 1815.36 1821.74 1782.63 1811.27 1845.11
2015.63 1933.78 1858.59 1862.69 1812.18 1826.39 1860.87
1910.49 1822.95 1747.05 1751.37 1703.79 1708.45 1739.25
1938.25 1830.71 1752.93 1749.9 1697.42 1695.89 1727.96
2022.61 1896.06 1818.84 1808.79 1753.2 1752.09 1777.85
2042.69 1919.62 1825.84 1811.8 1752.23 1741.9 1769.7
1921.72 1792.09 1704.73 1689.02 1633.7 1616.42 1640.03
1464.65 1345.4 1299.99 1297.67 1264.62 1258.63 1278.36
1390.23 1290.96 1242.2 1235.66 1207.19 1202.41 1215.13
1375.01 1289.86 1243.76 1235.55 1207.43 1201.75 1217.3
1329.97 1255.99 1208.36 1198.47 1170.9 1164.44 1178.99
1566.21 1500.98 1444.98 1432.69 1399.91 1392.77 1409.56
1576.93 1494.71 1435.54 1424.21 1387.5 1384.78 1404.33
1637.89 1568.97 1514.95 1504.84 1471.53 1472.23 1496.38
1578.1 1465.67 1397.69 1369.77 1322.55 1306.12 1323.5
1524.24 1429.41 1368.26 1333.77 1282.17 1262.03 1278.73
1727.93 1622.57 1555.42 1534.9 1492.72 1484.02 1507.58
1960.78 1833.71 1756.02 1725.53 1673.52 1660.77 1688.18
1927.88 1780.26 1701.9 1682.36 1633.53 1614.69 1644.1
1740.99 1586.24 1511.38 1486.62 1439.67 1420.19 1445.02
1416.84 1282.72 1220.84 1197.37 1157.36 1134.43 1152.4
1220.88 1092.29 1034.86 1014.76 978.19 952.27 967.16
1151.51 1018.16 961.24 939.42 903.33 878.19 890.11
1109.26 994.58 949.34 926.32 890.28 862.34 878.61
1146.87 1034.95 985.86 968.96 933.94 910.18 925.46
1232.61 1118.08 1065.55 1047.38 1010.35 983.76 1001.34
1121.46 1017.5 970.9 953.38 922.01 897.45 912.87
1159.55 1058.24 1013.38 996.35 964.02 942.74 959.07
1305.32 1190.82 1137.8 1122.56 1087.5 1066.6 1084.74
1391.45 1280.16 1225.11 1207.57 1166.26 1143.67 1165.34
2151.47 2044.15 2006.3 2014.77 1985.18 2017.24 2069.68
2906.4 2768.83 2694.91 2704.3 2664.59 2707.58 2780.46
3063.95 2905.33 2809.97 2811.25 2759.79 2783.76 2855.98
3758.06 3573.14 3456.59 3453.87 3382.31 3403.43 3489.93
3291.28 3107.99 2999.33 2990.15 2922.9 2925.38 2987.97
4446.34 4256.23 4105.89 4085.21 4001.97 4025.94 4085.95
3620.47 3477.13 3367.5 3359.49 3295.5 3324.5 3375.8
2790.63 2666.67 2584.63 2580.83 2530.56 2556.71 2594.09
3007.61 2906.5 2816.58 2812.83 2759.47 2788.91 2835.2
2471.15 2362.57 2277.48 2263.96 2219.01 2247.46 2282.01
2736.53 2635.88 2543.31 2533.7 2488.31 2533.77 2575.66
2283.92 2179.19 2088.57 2073.43 2040.93 2057.4 2081.59
1751.13 1654.23 1582.69 1570.59 1535.58 1562.06 1582.32
1797.85 1701.14 1629.84 1624.38 1584.34 1610.86 1631.59
1616.73 1529.29 1472.58 1467.48 1431.7 1452.24 1475.24
1712.25 1614.7 1548.85 1542.21 1501.05 1512.69 1533.79
1382.59 1295.91 1247.38 1243.96 1211.36 1216.1 1235.7
1772.74 1672.09 1605.8 1601.94 1563.37 1572.45 1597.18
1738.8 1640.36 1581.37 1582.02 1541.48 1550.6 1575.7
1588.76 1498.93 1439.61 1438.85 1399.6 1404.57 1427.95
1729.88 1624.08 1558.97 1554.12 1508.7 1510.89 1537.96
1968.84 1846.21 1765.97 1757.71 1710.16 1718.4 1749.47
1900.12 1785.25 1706.41 1702.72 1657.83 1669.71 1697.99
1292.87 1199.56 1148.54 1137.97 1104.9 1097.79 1117.32
1433.87 1324.84 1279.35 1276.38 1245.11 1242.65 1261.19
1089.27 1004.94 969.66 962.09 938.54 935.5 946.68
1437.09 1376.03 1328.92 1322.11 1292.1 1291.41 1309.78
1230.49 1182.23 1142.16 1134.37 1110.06 1111.61 1128.12
1486.17 1450.97 1402.71 1393.79 1360.81 1357.37 1377.15
1544.64 1500.95 1451.83 1448.79 1418.7 1431.65 1457.62
1660.22 1607.46 1551.83 1545.76 1511.88 1510.96 1539.64
1439.84 1383.09 1334.26 1328.76 1292.31 1289.63 1314.54
1481.79 1426.01 1376.51 1371.37 1338.55 1341.73 1366.49
1528.46 1446.73 1391.34 1380.35 1342.86 1334.51 1358.86
1599.72 1517.89 1459.58 1450.28 1413.85 1405.94 1432.58
1714.31 1603.82 1538.09 1527.21 1483.86 1466.67 1494.79
1529.47 1429.9 1376.71 1369.15 1328.8 1314.97 1340.62
1543.78 1453.41 1398.66 1390.82 1354.46 1335.99 1362.95
1517.99 1420.85 1370.7 1363.7 1326.65 1303.8 1331.18
1481.08 1387.04 1336.22 1331.15 1294.62 1277.58 1303.74
1608.79 1505.18 1453.56 1449.52 1413.7 1395.99 1426.28
1525.91 1425.06 1378.17 1375.32 1340.89 1322.88 1352.3
1761.78 1650.56 1593.6 1593.82 1556.23 1536.27 1566.35
1877.23 1746.11 1683.39 1680.3 1637.61 1610.42 1647.33
1678.38 1556.68 1493.57 1486.71 1452.57 1422.11 1453.04
1573.07 1447.88 1391.4 1383.94 1345.39 1311.89 1339.37
1619.51 1490.97 1426.87 1414.34 1371.11 1335.86 1360.05
1772.12 1608.14 1530.41 1506.31 1456.28 1411.02 1436.79
2474.06 2246.82 2128.87 2096.94 2021.98 1948.42 1987.66
2818.22 2564.56 2429.01 2389.35 2303.31 2213.19 2256.26
3549.88 3239.99 3063.49 3004.58 2891.27 2760.8 2812.29
3067.31 2879.24 2774.33 2754.57 2680.76 2652.03 2694.13
3773.8 3620.74 3494.96 3472.94 3392.52 3376.79 3425.01
3974.26 3856.82 3725.63 3706.04 3625.32 3588.72 3665.52
3761.09 3655.93 3534.69 3519.03 3438.92 3416.4 3473.21
4124.02 4030.99 3897.77 3880.97 3790.44 3755.06 3822.82
3662.3 3509.87 3355.86 3307.91 3206.3 3151.4 3203.87
4484.84 4294.69 4105.5 4053.77 3935.37 3872.15 3934.24
5167.02 4951.98 4729.22 4670.87 4537.01 4487 4557.64
4188.71 3965.23 3758.25 3694.6 3571.02 3509.77 3555.64
3399.26 3158.88 2961.31 2896.09 2788.85 2737.41 2757.11
2679.39 2491.56 2332.12 2280.79 2181.15 2131.77 2146.94
2102.83 1950.13 1837.27 1802.31 1730.68 1690.64 1703.86
2059.39 1920.93 1839.4 1821.86 1769.82 1754.23 1774.67
1824.87 1711.41 1639.76 1623.18 1575.87 1561.93 1579.35
1833.05 1749.11 1684.91 1676.76 1631.29 1615.09 1633.19
1696.5 1637.42 1578.62 1569.31 1524.7 1502.49 1518.92
1408.67 1362.49 1314.92 1304.92 1266.26 1243.4 1255.2
1448.13 1411.13 1363.74 1356.76 1319.25 1301.29 1315.93
1397.99 1367.07 1320.54 1317.09 1278.24 1260 1274.11
1408.04 1372.23 1326.95 1322.03 1284.84 1270.6 1284.65
1421.22 1374.4 1328.51 1321.03 1282.73 1265.35 1280.71
1279.83 1225.91 1182.56 1173.64 1141.54 1118.79 1133.17
1777.22 1705.49 1643.67 1636.47 1590.22 1569.69 1592.71
2600.67 2496.31 2408.28 2398.99 2332.02 2307.16 2342.34
2010.1 1886.91 1804.7 1798.98 1729.37 1717.09 1736.97
2624.52 2499.37 2420.08 2413.82 2351.11 2334.34 2376.17
2811.21 2636.86 2545.55 2535.13 2469.51 2444.26 2489.72
2906.19 2685.56 2579.17 2553.82 2475.2 2449.05 2496.83
3615.58 3286.61 3145.05 3107.24 3013.38 2982.41 3049.37
4593.22 4062.83 3887.81 3839.92 3739.31 3727.26 3811.07
4046.3 3646.49 3484.96 3428.83 3321.64 3278.48 3354.84
3162 2773.38 2619.98 2575.72 2497.02 2472.48 2510.48
4318.59 3920.72 3736.21 3679.54 3572.67 3547.18 3595.41
4572.13 4162.98 3940.05 3829.93 3711.89 3694.66 3752.55
4666.44 4251.6 4041.39 3963.37 3844.41 3812.41 3880.2
4819.65 4373.95 4152.85 4072.59 3943.44 3873.9 3945.93
3756.46 3336.23 3152.65 3082.53 2974.59 2902.15 2955.01
4286.18 3808.83 3593.39 3511.04 3384.96 3279.69 3343.16
4232.79 3784.96 3574.72 3492.19 3366.66 3263.64 3331.52
4406.45 3941.55 3720.62 3631.61 3496.89 3386.83 3459.85
4964.17 4453.06 4196.97 4099.16 3943.57 3813.08 3894.65
3377.04 2975.09 2817.71 2756.39 2659.46 2604.66 2655.01
4943.67 4614.38 4423.32 4380.44 4274.23 4279.92 4352.84
5249.36 4964.02 4770.07 4738.04 4629.73 4637.03 4718.75
5361.53 5037.15 4820.33 4769.99 4640.62 4608.91 4691.62
4897.4 4574.4 4361.91 4307.81 4172.7 4110.64 4182.99
4979.86 4604.87 4376.04 4300.14 4142.12 4036.46 4097.41
4749.9 4351.93 4126.95 4046.66 3883.92 3771.5 3825.91
4497.34 4085.36 3867.18 3796.4 3633.98 3503.19 3544.81
4708.71 4239.83 4000.86 3901.15 3722.52 3575.06 3611.99
5793.44 5214.39 4917.16 4797.71 4566.61 4387.33 4431.6
2616.22 2403.1 2301.23 2273.46 2205 2177.27 2204.79
1920.02 1762 1691.74 1672.76 1624.75 1605.94 1622.19
2341.65 2194.39 2104.58 2083.31 2027.37 2011.54 2034.75
2221.06 2101.72 2021.66 1998.09 1942.54 1924.43 1943.35
1716.78 1622.62 1558.17 1535.77 1486.8 1457.64 1466.86
1953.3 1851.75 1776.88 1752.97 1695.27 1662.38 1672.47
1907.57 1821.76 1751.89 1729.92 1671.79 1632.39 1644.22
1502.54 1408.32 1350.08 1329.82 1282.75 1244.83 1252.87
1828.36 1709.52 1637.5 1617.66 1559.04 1521.83 1528.19
1860.49 1751.51 1682.39 1664.49 1609.06 1574.07 1584.38
1779.5 1684.97 1625.91 1615.6 1563.1 1535.1 1544.64
1803.25 1706.93 1644.65 1636.7 1580.82 1552.97 1560.16
1719.03 1613.98 1552.5 1542.93 1490.27 1461.84 1471.95
1893.37 1772.01 1701.48 1693.73 1635.3 1605.9 1617.58
2054.23 1941.67 1873.02 1867.95 1815.51 1797.15 1813.32
1980.2 1845.9 1770.21 1760.1 1700.66 1674.72 1687.58
2747.98 2531.23 2411.05 2393.74 2306.09 2265.15 2282.1
2938.43 2746.14 2636.63 2636.02 2558.18 2540.97 2570.84
3377.73 3095.28 2940.9 2922.41 2810.83 2756.81 2788.81
4854.64 4353.31 4072.19 3998.67 3820.03 3696.48 3733.69
3246.86 2989.6 2850.87 2818.95 2729.08 2689.83 2728.5
3281.93 3039.84 2894.81 2856.8 2759.07 2700.38 2727.59
4050.06 3913.71 3763.07 3740.47 3634.93 3585.99 3629.25
3444.4 3275.66 3132.14 3103.95 3000.4 2927.53 2958.95
2940.28 2830.23 2710.53 2688.7 2598.79 2535.68 2567.52
2306.61 2221.92 2129.2 2114.67 2042.78 1988.28 2013.12
2149.55 2026.28 1930.04 1912.57 1839.39 1785.11 1806.5
2156.22 1989.74 1891.02 1865.28 1795.74 1743.34 1758.01
1797.26 1629.68 1540.91 1518.61 1465.64 1415.5 1434.39
2126.82 1935.29 1830.23 1803.63 1733.41 1676.63 1700.93
1654.31 1504.83 1420.92 1403.02 1345.7 1302.27 1320.4
1479.02 1325.17 1252.1 1228.85 1179.61 1136.43 1150.46
1338.58 1211.1 1141.93 1120.11 1072.64 1025.57 1034.7
